cellBC	r0	r1	r2	r3	r4	r5	r6	r7	r8	r9	r10	r11	r12	r13	r14	r15	r16	r17	r18	r19	r20	r21	r22	r23	r24	r25	r26	r27	r28	r29	r30	r31	r32	r33	r34	r35	r36	r37	r38	r39	r40	r41	r42	r43	r44
RE.TTGTAGGGTATAGTAG-1	0	0	0	0	0	0	0	0	0	0	2	0	0	0	0	0	0	0	0	0	0	0	2	2	0	0	0	0	0	0	0	0	0	0	0	0	0	0	0	-	-	-	-	-	-
RE.TTCCCAGAGATGGGTC-1	0	0	0	0	0	0	0	2	0	0	0	0	0	2	2	0	0	0	0	0	0	0	0	0	0	2	0	0	2	0	0	0	0	0	0	0	0	2	2	-	-	-	-	-	-
RE.TCTCTAAGTCAAAGAT-1	0	2	2	0	2	0	-	-	-	0	0	0	0	0	2	0	0	2	0	2	0	0	0	0	0	0	0	0	2	0	-	-	-	0	0	0	-	-	-	0	2	0	-	-	-
RE.TCAGCAATCCGGCACA-1	0	0	0	0	0	0	0	2	0	0	0	0	0	2	2	0	0	0	0	0	0	0	0	0	0	2	0	0	2	0	0	0	0	0	0	0	0	2	2	-	-	-	-	-	-
RE.TACAGTGCAAGGCTCC-1	0	0	0	0	0	0	0	3	0	0	2	0	0	0	0	0	0	0	0	3	0	0	0	0	0	0	0	0	0	0	0	2	2	0	0	0	0	0	0	0	0	0	0	0	0
RE.TAAGTGCGTCCTCCAT-1	0	3	0	0	0	0	0	0	0	0	0	0	0	0	2	-	-	-	0	4	0	0	0	0	0	0	0	0	3	0	-	-	-	-	-	-	0	3	0	0	3	0	-	-	-
RE.TAAGAGATCACGACTA-1	0	0	0	0	0	0	0	0	0	0	2	0	0	0	0	0	0	0	0	0	0	0	0	3	0	0	0	0	0	0	0	0	0	0	0	0	0	0	0	0	0	0	0	2	2
RE.GTGGGTCGTTGCTCCT-1	0	0	0	0	3	0	0	0	0	0	2	0	0	0	0	0	0	0	0	0	0	0	0	4	0	0	0	0	0	0	0	0	0	0	0	0	0	0	0	0	0	0	0	0	0
RE.GTGAAGGCACAGCCCA-1	0	0	0	0	0	0	0	2	0	0	0	0	0	2	2	-	-	-	0	0	0	0	0	0	0	2	0	0	2	0	0	0	0	0	0	0	0	2	2	-	-	-	-	-	-
RE.GTCATTTGTCCAGTAT-1	0	0	0	0	0	0	0	0	0	0	2	0	0	0	0	0	0	3	0	0	0	0	0	0	0	0	0	0	0	0	0	0	0	0	0	0	0	0	0	0	0	0	0	0	0
RE.GGGTCTGGTCTCCCTA-1	0	0	0	0	0	0	0	0	0	-	-	-	0	0	0	-	-	-	-	-	-	0	0	0	0	0	0	-	-	-	-	-	-	-	-	-	-	-	-	0	0	0	-	-	-
RE.GCTGCAGGTTGCGCAC-1	0	0	0	0	0	0	0	0	0	0	2	0	-	-	-	-	-	-	0	0	0	0	0	0	0	0	0	0	0	0	0	0	0	0	0	0	0	2	0	0	0	0	0	0	0
RE.CTCTAATTCATTATCC-1	0	0	0	0	0	0	0	3	0	0	2	0	0	0	0	0	0	0	0	3	0	0	0	0	0	0	0	0	0	0	0	2	2	0	0	0	0	0	0	0	0	0	0	0	0
RE.CTACGTCTCGTTACGA-1	0	0	0	0	0	0	0	4	0	0	2	0	0	3	0	0	2	4	0	0	0	0	0	0	0	0	0	0	0	0	0	0	0	0	0	0	0	0	0	0	0	0	0	0	0
RE.CATTCGCCAGCATACT-1	0	0	0	0	0	0	0	0	0	0	2	0	0	0	0	0	0	0	0	0	0	0	3	0	0	0	0	0	0	0	0	0	0	0	0	0	0	0	0	0	0	0	0	0	0
RE.CACATTTCACAAGACG-1	0	0	0	0	0	0	0	0	0	0	2	0	0	0	0	0	0	0	0	0	0	0	0	0	0	0	0	0	0	0	0	0	0	-	-	-	0	0	0	0	0	0	0	0	0
RE.AGGCCGTGTCGAGATG-1	0	0	0	0	0	0	0	0	0	0	2	0	0	0	0	0	0	0	0	0	0	0	0	0	0	0	0	0	0	0	-	-	-	0	0	0	0	0	0	0	4	2	0	0	0
RE.ACGCCAGAGACAATAC-1	-	-	-	0	0	0	0	0	0	0	2	0	0	0	0	0	3	5	0	5	0	0	0	0	-	-	-	0	0	0	-	-	-	0	0	0	0	0	0	0	0	0	0	0	0
RE.AAGGCAGCATAAAGGT-1	0	0	0	0	0	0	0	0	0	0	2	0	0	0	0	0	0	0	0	0	0	0	0	0	0	3	0	0	0	0	0	0	0	-	-	-	-	-	-	0	0	0	0	0	0
RE.AAGCCGCCATAGTAAG-1	0	4	0	0	0	0	0	0	0	0	2	0	0	0	0	0	4	0	0	0	0	0	0	0	0	0	0	0	4	0	0	0	0	0	0	0	0	0	0	0	4	2	0	0	0
M2.TGTTCCGTCGGAATCT-1	-	-	-	0	4	0	0	0	0	0	3	0	0	0	0	-	-	-	0	0	2	0	0	0	0	4	0	0	5	0	0	0	0	0	2	0	0	0	0	0	0	0	-	-	-
M2.CAGCATAGTAGAGGAA-1	0	0	0	0	0	0	0	5	0	0	0	0	0	4	2	-	-	-	0	4	0	0	0	0	0	0	0	0	0	0	0	0	0	-	-	-	0	0	0	0	0	0	-	-	-
M1.TAGAGCTGTCAAACTC-1	0	0	0	0	0	0	0	0	0	0	4	0	-	-	-	-	-	-	0	6	0	0	0	0	0	0	0	0	0	0	0	3	0	-	-	-	-	-	-	0	0	0	0	0	0
M1.GGCTGGTTCTACTTAC-1	-	-	-	0	0	0	0	0	2	0	4	0	0	5	0	0	0	0	-	-	-	0	0	0	0	5	0	0	0	0	0	4	0	-	-	-	0	2	2	0	0	0	0	0	0
M1.CCAATCCTCTCGAGTA-1	0	0	0	0	0	0	0	0	0	0	3	0	-	-	-	0	5	0	0	0	0	0	0	0	0	4	0	0	0	0	0	0	0	-	-	-	0	0	0	0	5	0	-	-	-
M1.CACAGGCGTCTAGTGT-1	0	0	0	-	-	-	0	6	0	0	5	2	0	2	3	0	0	0	0	0	0	0	4	0	0	0	0	0	0	0	-	-	-	-	-	-	-	-	-	0	6	0	0	3	0
M1.AACCATGAGGTGACCA-1	0	0	0	0	0	0	0	0	2	0	4	0	0	5	0	-	-	-	0	0	0	0	0	0	0	5	0	-	-	-	-	-	-	-	-	-	-	-	-	0	0	0	0	0	0
Liv.TTCTCAAGTAGAGGAA-1	0	5	0	0	0	0	0	0	0	0	5	2	0	0	3	0	0	0	-	-	-	0	5	0	0	0	0	0	0	0	0	5	0	-	-	-	-	-	-	0	6	3	0	3	0
Liv.ACGATACTCGCTTAGA-1	0	5	0	0	0	0	0	0	0	0	5	2	0	0	3	0	0	0	-	-	-	0	0	0	0	0	2	0	0	0	0	5	0	-	-	-	-	-	-	0	6	0	0	3	0
LL.TTCTCCTGTCTTCAAG-1	0	6	0	0	0	0	0	0	0	0	2	0	0	0	0	0	0	0	0	0	0	0	0	0	0	0	0	0	0	0	0	0	0	-	-	-	0	0	0	0	0	0	0	0	0
LL.TCGCGAGCAACTGCGC-1	0	0	0	0	5	0	0	0	0	0	5	2	0	0	3	-	-	-	0	0	3	0	0	0	0	0	0	-	-	-	0	0	0	-	-	-	-	-	-	0	6	0	0	3	0
LL.GCGACCAAGTTGCAGG-1	0	7	0	0	0	0	0	0	0	0	2	0	0	0	0	0	0	0	0	0	0	0	6	0	0	0	0	0	0	0	0	0	0	0	0	0	0	0	0	0	0	0	0	0	0
LL.GAACATCTCTGTTTGT-1	0	6	0	0	0	0	0	0	0	0	2	0	0	0	0	0	0	0	0	0	0	0	0	5	0	6	0	0	0	0	0	5	0	-	-	-	0	4	0	0	0	0	0	0	0
LL.CGTAGCGGTCCCTTGT-1	0	0	0	0	0	0	0	0	0	0	5	2	0	0	3	0	0	0	0	0	0	0	0	0	0	7	0	0	0	0	0	0	3	-	-	-	-	-	-	0	6	0	0	3	0
