	r0	r1	r2	r3	r4	r5	r6	r7	r8	r9	r10	r11	r12	r13	r14	r15	r16	r17	r18	r19	r20	r21	r22	r23	r24	r25	r26	r27	r28	r29	r30	r31	r32	r33	r34	r35	r36	r37	r38	r39	r40	r41	r42	r43	r44	r45	r46	r47	r48	r49	r50	r51	r52	r53
0	0	0	2	0	0	2	2	2	0	2	0	2	2	2	0	0	0	2	0	0	0	0	0	2	0	2	0	2	0	0	0	0	0	0	0	2	0	0	0	0	0	2	0	0	2	0	0	0	-	-	-	-	-	-
1	2	0	0	2	0	0	3	0	0	-	-	-	0	0	0	0	0	2	0	0	2	0	0	0	0	0	0	2	0	0	-	-	-	2	0	0	0	0	0	0	0	2	-	-	-	-	-	-	2	2	2	0	2	0
2	0	0	0	0	0	0	0	2	0	2	0	0	2	0	0	0	2	2	2	0	0	0	0	0	0	2	0	2	0	0	-	-	-	2	2	0	0	0	0	0	0	2	0	2	2	-	-	-	2	0	0	0	2	0
3	0	2	3	-	-	-	0	2	2	2	0	0	2	0	0	0	0	2	0	0	0	0	0	0	0	2	0	2	0	2	-	-	-	0	0	3	-	-	-	0	0	2	0	0	2	2	0	0	2	0	0	0	2	0
4	0	0	0	0	0	0	3	0	0	-	-	-	0	0	2	0	0	2	0	0	2	0	0	0	-	-	-	2	0	0	-	-	-	2	0	0	-	-	-	0	0	2	-	-	-	-	-	-	2	2	2	0	2	0
5	-	-	-	3	2	0	-	-	-	-	-	-	-	-	-	-	-	-	0	0	3	-	-	-	-	-	-	-	-	-	-	-	-	-	-	-	2	2	0	0	0	2	0	0	2	-	-	-	-	-	-	-	-	-
6	0	0	4	0	0	0	0	2	0	-	-	-	2	0	0	0	0	2	0	0	0	0	0	0	0	2	0	2	0	0	-	-	-	0	0	0	0	0	0	0	0	2	0	0	2	-	-	-	-	-	-	0	2	0
7	-	-	-	0	0	0	0	2	0	2	0	0	2	0	0	0	0	2	0	2	0	0	0	0	0	2	0	2	0	0	-	-	-	0	0	0	0	3	0	0	0	2	0	0	2	-	-	-	2	0	0	-	-	-
8	0	0	0	0	0	3	0	2	2	2	0	0	2	0	0	0	0	2	0	0	0	0	0	0	0	2	0	2	0	0	0	0	0	0	0	3	0	0	0	0	0	2	0	0	2	2	2	2	2	0	0	0	2	0
9	-	-	-	0	0	3	-	-	-	2	0	0	-	-	-	0	0	2	0	0	0	-	-	-	0	2	0	-	-	-	-	-	-	0	0	3	-	-	-	-	-	-	-	-	-	-	-	-	-	-	-	0	2	0
10	0	0	0	0	0	3	0	2	2	2	0	0	2	0	0	0	0	2	0	0	0	0	0	0	0	2	0	2	0	0	0	0	0	0	0	3	0	0	0	0	0	2	0	0	2	2	0	0	2	0	0	0	2	0
11	0	0	0	4	0	0	0	0	0	0	0	3	3	0	0	0	0	2	0	0	0	2	0	0	0	3	0	3	0	0	-	-	-	-	-	-	3	0	0	0	0	2	0	0	2	0	0	3	2	0	0	0	2	0
12	0	0	0	0	0	0	0	2	0	2	0	0	2	0	3	0	0	2	0	0	0	0	0	0	0	2	0	2	0	0	-	-	-	0	0	0	0	0	0	0	0	2	0	0	2	-	-	-	2	0	3	-	-	-
13	0	3	0	0	0	0	0	2	0	2	0	0	2	0	0	-	-	-	0	2	0	0	0	3	0	2	0	2	0	0	-	-	-	0	0	0	4	0	0	0	0	2	0	0	2	-	-	-	2	0	0	0	2	0
14	0	0	0	-	-	-	0	2	0	2	0	0	2	0	0	0	0	2	2	0	0	0	0	0	0	2	0	2	0	0	-	-	-	2	2	0	0	0	0	-	-	-	0	0	2	-	-	-	2	0	0	0	2	0
15	0	0	0	0	0	0	0	2	2	2	0	0	-	-	-	0	0	2	0	0	0	-	-	-	0	2	2	2	0	0	-	-	-	0	0	0	0	4	0	0	0	2	0	0	2	-	-	-	2	0	0	0	2	0
16	0	0	0	0	0	0	0	0	0	0	0	0	4	0	0	0	0	2	0	0	3	2	0	0	0	4	0	0	0	0	0	0	0	-	-	-	3	0	0	0	0	2	0	0	2	0	0	0	2	0	0	0	2	0
17	0	0	0	0	0	0	0	0	0	0	0	0	4	0	0	0	0	2	0	0	3	0	0	0	0	0	0	0	0	0	2	0	0	-	-	-	3	0	0	0	0	2	0	0	2	0	0	0	2	3	0	0	2	0
18	-	-	-	5	0	3	0	2	3	0	0	0	4	3	0	0	0	2	-	-	-	-	-	-	2	2	2	2	0	0	-	-	-	3	0	0	-	-	-	0	0	2	2	0	2	-	-	-	-	-	-	2	2	0
19	0	0	5	0	0	4	0	0	0	0	0	2	2	2	2	0	0	2	0	3	3	3	0	0	0	0	0	0	0	0	-	-	-	0	0	0	3	0	0	0	0	2	0	0	2	-	-	-	2	4	4	0	2	0
20	3	4	6	5	0	0	0	0	0	-	-	-	0	2	0	0	0	0	-	-	-	2	0	0	3	5	0	2	0	0	3	0	0	-	-	-	0	0	0	0	0	2	0	3	0	-	-	-	0	0	0	0	2	2
21	0	0	0	0	0	0	0	0	0	0	0	0	5	2	0	0	0	2	3	0	0	0	0	4	0	4	0	-	-	-	-	-	-	0	0	0	0	0	0	0	0	2	3	0	2	3	0	0	2	0	0	3	2	0
22	0	0	0	0	0	0	4	2	0	0	0	0	2	0	0	0	0	2	0	0	4	0	0	0	0	2	0	2	0	3	0	0	0	0	0	0	0	0	2	0	0	2	0	0	2	0	0	0	2	0	0	0	2	3
23	0	0	0	5	0	0	0	0	3	0	0	0	2	0	0	0	0	2	-	-	-	0	2	5	0	0	0	-	-	-	3	0	0	0	0	0	3	0	0	0	0	2	0	0	2	0	0	0	2	0	0	0	2	0
24	2	0	0	6	0	0	-	-	-	-	-	-	-	-	-	-	-	-	0	4	5	0	0	2	-	-	-	0	2	4	-	-	-	0	0	0	-	-	-	0	0	2	-	-	-	-	-	-	-	-	-	-	-	-
25	4	5	0	0	0	0	0	2	0	2	0	2	2	0	0	0	0	2	0	0	0	0	0	2	0	2	0	2	0	0	-	-	-	0	0	0	-	-	-	0	0	2	0	0	2	0	0	0	2	0	0	4	2	0
26	-	-	-	6	3	0	0	0	0	3	0	2	-	-	-	0	0	2	0	0	6	2	0	0	-	-	-	0	0	0	-	-	-	4	0	0	-	-	-	0	0	2	-	-	-	-	-	-	2	0	0	-	-	-
27	0	0	7	0	0	0	0	0	0	0	0	0	0	0	0	0	0	2	4	0	0	0	0	0	0	0	0	0	0	0	-	-	-	0	0	0	3	0	0	0	0	2	3	0	2	0	3	0	2	0	0	0	2	0
28	0	0	0	0	0	0	0	0	0	0	0	0	4	0	0	0	0	2	4	0	3	0	0	0	0	0	0	0	0	0	-	-	-	-	-	-	-	-	-	0	0	2	4	0	2	0	0	0	-	-	-	0	2	0
29	-	-	-	0	0	0	0	2	0	0	0	0	2	0	0	-	-	-	0	5	0	4	3	6	4	2	3	2	0	0	-	-	-	2	0	2	0	0	0	0	0	2	0	0	2	-	-	-	2	0	0	2	2	0
30	0	0	0	0	0	0	0	0	0	0	0	0	0	0	0	0	0	2	0	0	0	0	0	0	0	0	0	2	0	0	0	0	0	0	0	0	-	-	-	0	0	2	3	0	2	0	0	0	2	0	0	0	2	0
31	0	0	0	0	4	0	0	2	4	0	0	0	2	0	0	-	-	-	0	0	0	0	0	0	0	2	0	2	0	0	-	-	-	0	0	0	0	0	3	0	0	2	0	0	2	0	0	0	2	0	0	0	2	0
32	3	4	6	5	5	0	0	0	0	-	-	-	0	2	0	0	3	0	-	-	-	2	0	0	3	5	0	2	0	0	3	0	0	-	-	-	0	0	0	0	0	2	0	3	0	0	0	0	0	0	0	0	2	2
33	-	-	-	5	0	3	0	2	3	0	2	0	6	0	0	0	0	2	0	6	0	-	-	-	2	2	2	2	0	0	0	0	0	3	0	0	5	0	0	0	0	2	0	0	2	-	-	-	2	0	5	2	2	4
34	0	0	0	0	0	0	0	0	0	0	0	4	4	0	0	-	-	-	0	0	3	0	0	0	2	0	0	0	0	0	0	0	0	-	-	-	3	0	0	0	0	2	0	0	2	0	0	0	2	0	0	0	2	0
35	0	0	0	0	0	0	0	3	0	-	-	-	2	0	0	0	0	2	3	0	0	-	-	-	0	0	2	0	0	0	0	0	2	0	0	0	3	0	0	0	0	2	0	0	2	-	-	-	2	5	0	0	2	0
36	0	0	0	0	0	0	0	0	0	0	0	0	4	0	0	0	0	2	0	0	3	0	0	0	0	0	0	0	0	0	0	0	0	-	-	-	-	-	-	0	0	2	0	0	2	-	-	-	-	-	-	0	2	0
37	0	0	0	0	4	0	2	2	0	0	0	0	2	2	0	0	0	2	0	0	0	0	0	0	0	2	2	2	0	0	0	0	0	0	0	0	0	5	0	0	0	2	0	0	2	-	-	-	2	0	0	0	2	0
38	0	0	0	7	0	0	0	0	0	0	0	0	0	0	0	0	0	2	0	0	3	0	0	0	0	0	0	2	0	0	0	0	0	0	0	0	3	0	0	0	0	2	3	0	2	4	0	0	2	0	0	0	2	0
39	-	-	-	0	0	0	0	2	0	2	0	0	2	0	0	0	0	2	0	0	0	0	0	0	0	2	4	-	-	-	0	0	0	0	0	0	0	4	0	0	0	2	0	0	2	0	4	0	2	0	0	0	2	0
40	0	6	0	0	0	0	0	2	0	0	3	0	2	0	0	0	0	2	0	7	0	0	0	0	0	2	0	2	0	0	-	-	-	0	0	0	0	0	0	0	0	2	0	0	2	-	-	-	2	0	0	0	2	0
41	0	0	4	0	0	0	0	0	0	0	0	2	2	0	0	-	-	-	0	0	0	0	0	7	0	0	0	0	0	0	0	0	0	5	0	0	3	0	0	0	0	2	3	0	2	-	-	-	-	-	-	0	2	0
42	5	0	0	0	0	0	0	0	0	0	0	2	2	0	0	0	0	2	0	0	0	2	0	0	0	0	0	0	0	3	0	0	0	0	0	2	3	0	0	0	0	2	0	0	2	-	-	-	2	0	0	0	2	0
43	0	0	0	0	0	0	0	0	0	0	0	3	4	0	0	0	0	0	0	0	0	0	0	0	0	0	0	4	3	0	0	2	0	0	0	0	0	0	0	0	0	2	5	0	3	-	-	-	-	-	-	0	2	0
44	2	0	0	0	0	0	0	2	0	2	0	0	2	0	0	0	0	2	0	2	0	0	0	3	0	2	0	2	0	0	-	-	-	0	0	0	0	6	0	0	0	2	0	4	2	-	-	-	2	0	0	0	2	0
45	-	-	-	0	0	0	0	0	0	0	0	0	4	0	0	0	0	2	0	0	3	0	0	0	0	0	0	0	0	0	0	0	0	-	-	-	3	0	0	0	0	2	0	0	2	0	0	0	2	0	0	0	2	0
46	0	0	0	6	3	0	0	0	0	0	0	2	-	-	-	-	-	-	0	0	0	0	0	0	5	0	0	0	0	0	-	-	-	0	0	0	-	-	-	0	0	2	-	-	-	-	-	-	-	-	-	-	-	-
47	2	0	0	0	0	0	-	-	-	0	0	5	2	0	0	0	0	2	0	0	3	0	0	0	0	0	0	0	0	0	-	-	-	0	0	0	3	0	0	0	0	2	0	0	2	5	0	0	2	0	0	0	2	0
48	0	0	0	6	3	0	0	0	0	0	0	2	2	0	0	0	0	2	0	0	0	0	0	0	0	0	0	0	0	0	0	0	0	4	0	2	3	0	0	0	0	2	-	-	-	0	0	0	2	0	0	-	-	-
49	6	7	0	0	6	0	0	2	0	-	-	-	2	0	0	0	0	2	0	0	0	0	0	0	2	2	2	2	0	0	0	3	0	4	0	0	0	7	4	0	0	2	0	0	2	-	-	-	2	0	3	0	2	0
50	0	0	0	0	0	0	0	0	0	0	0	2	2	0	0	0	0	2	0	0	0	0	0	0	0	0	0	0	0	0	0	0	0	0	0	0	3	8	0	0	0	2	0	0	2	-	-	-	2	0	0	0	2	0
51	5	0	0	8	7	0	0	0	0	0	0	2	2	0	0	0	0	2	0	0	0	0	0	0	0	0	0	0	0	5	0	0	0	0	0	2	3	0	0	0	0	2	3	3	2	0	0	4	2	0	0	4	2	0
52	0	0	0	0	0	3	0	2	2	2	0	0	2	0	0	0	0	2	0	0	0	0	0	0	0	2	0	2	0	0	-	-	-	0	0	2	0	4	0	0	0	2	3	0	2	0	4	0	2	0	0	0	2	0
53	0	0	0	0	0	0	5	0	0	0	0	3	4	0	0	0	0	2	0	0	3	0	0	0	0	0	0	5	0	0	0	0	0	-	-	-	3	0	0	0	0	2	0	0	2	-	-	-	2	0	0	0	2	0
54	0	0	0	0	0	0	0	2	0	2	4	6	2	4	0	0	0	2	0	0	0	0	0	0	0	2	5	2	0	0	-	-	-	0	0	0	0	0	0	0	0	2	0	0	2	-	-	-	2	0	0	0	2	0
55	0	0	0	0	0	0	0	2	2	2	5	7	-	-	-	0	0	2	0	0	0	-	-	-	0	2	0	2	0	0	-	-	-	0	0	0	3	4	0	0	0	2	-	-	-	-	-	-	2	0	0	0	2	0
56	0	0	0	6	3	0	0	0	0	0	0	2	2	0	0	0	0	2	0	0	0	0	0	0	0	0	0	0	0	0	-	-	-	-	-	-	-	-	-	0	0	2	-	-	-	-	-	-	2	0	0	-	-	-
57	2	0	0	0	4	0	0	2	0	4	0	0	2	2	0	-	-	-	-	-	-	0	0	0	0	2	0	2	0	0	-	-	-	0	0	4	0	0	0	0	0	2	0	0	2	-	-	-	2	0	0	0	2	0
58	0	0	8	0	4	0	0	2	0	0	0	0	-	-	-	-	-	-	0	0	0	0	0	0	-	-	-	-	-	-	-	-	-	-	-	-	-	-	-	0	0	2	3	0	2	-	-	-	-	-	-	0	2	0
59	0	6	0	0	0	0	0	2	0	0	3	0	2	0	0	0	0	2	0	7	3	0	0	0	0	2	0	2	0	0	0	0	0	0	0	0	0	0	0	0	0	2	0	0	2	0	0	5	2	0	0	0	2	0
60	0	0	0	0	0	0	0	0	0	0	0	0	4	0	0	0	0	2	0	0	3	0	0	0	0	0	0	6	0	0	0	0	0	-	-	-	-	-	-	0	0	2	0	0	2	0	0	0	2	0	0	0	2	2
61	-	-	-	-	-	-	0	2	3	5	0	0	2	2	0	0	0	2	0	0	0	0	0	0	0	2	2	2	4	0	-	-	-	0	0	0	0	0	0	0	0	2	0	0	2	-	-	-	2	0	0	0	2	0
62	0	0	2	0	8	0	3	0	0	-	-	-	0	0	0	-	-	-	0	0	2	0	0	0	0	0	0	-	-	-	-	-	-	0	0	0	-	-	-	0	0	2	-	-	-	-	-	-	2	0	6	0	2	0
63	0	0	0	9	0	0	0	2	3	2	0	0	2	0	0	0	0	2	0	2	0	-	-	-	0	2	0	2	0	0	-	-	-	0	0	0	0	0	0	0	0	2	0	0	2	-	-	-	-	-	-	0	2	4
64	4	5	0	0	0	0	0	4	0	0	0	0	7	0	0	2	0	2	0	0	3	0	0	0	0	6	0	0	0	0	-	-	-	-	-	-	3	0	0	0	0	2	0	0	2	0	0	0	2	0	0	2	2	0
65	0	0	0	0	0	0	0	0	0	0	6	8	0	0	0	-	-	-	0	0	0	0	0	0	6	7	6	2	0	0	-	-	-	0	0	0	3	0	0	0	0	2	3	0	2	-	-	-	2	0	0	0	2	0
66	0	0	0	0	4	0	0	2	0	0	0	0	2	2	0	0	0	2	0	0	0	0	0	0	0	2	2	2	0	0	0	0	0	0	0	0	0	5	0	0	0	2	6	0	2	-	-	-	2	0	0	0	2	0
67	-	-	-	0	0	0	-	-	-	-	-	-	-	-	-	2	0	2	0	0	0	0	0	0	-	-	-	0	0	0	-	-	-	5	0	0	-	-	-	0	0	2	-	-	-	-	-	-	-	-	-	-	-	-
68	0	6	0	0	0	0	0	0	0	0	0	2	2	0	0	2	0	2	-	-	-	0	0	0	0	0	0	0	0	0	-	-	-	5	0	0	3	0	0	0	0	2	0	0	2	-	-	-	2	0	6	0	2	0
69	0	0	0	0	0	0	0	2	2	2	0	0	-	-	-	0	0	2	0	0	0	0	0	0	0	2	0	-	-	-	-	-	-	0	0	0	0	4	0	0	0	2	0	0	2	-	-	-	2	0	0	0	2	0
70	0	0	0	0	0	0	0	2	0	0	0	0	2	0	0	0	0	2	-	-	-	0	4	0	0	2	0	2	0	0	-	-	-	0	0	0	0	0	0	0	0	2	0	0	2	-	-	-	2	0	7	0	2	0
71	-	-	-	0	0	0	0	0	0	0	0	2	-	-	-	2	0	2	0	0	3	0	0	0	2	0	0	0	0	0	0	0	0	5	0	0	3	0	0	0	0	2	0	0	2	0	0	0	-	-	-	0	2	0
72	0	0	0	0	0	0	3	5	0	-	-	-	0	0	0	0	0	2	-	-	-	0	0	0	0	0	0	2	0	0	-	-	-	2	0	0	0	0	0	0	0	2	-	-	-	-	-	-	2	2	2	0	2	0
73	0	0	0	0	0	0	0	0	0	0	0	0	4	0	0	0	0	2	-	-	-	0	0	0	0	0	3	2	0	0	-	-	-	-	-	-	3	0	0	0	0	2	-	-	-	0	0	0	2	0	0	0	2	0
74	0	0	0	0	4	5	0	2	0	0	7	9	2	0	0	0	0	2	-	-	-	0	0	0	0	2	0	-	-	-	-	-	-	0	0	0	0	0	3	0	0	2	0	0	2	-	-	-	2	6	0	0	2	0
75	0	0	0	0	0	0	0	0	0	0	0	0	4	0	0	0	0	2	0	0	3	0	0	8	0	0	0	0	0	0	-	-	-	-	-	-	3	0	0	0	0	2	0	0	2	0	0	0	2	0	0	0	2	0
76	3	4	0	5	0	0	0	0	0	-	-	-	0	2	0	0	0	0	0	0	0	-	-	-	3	5	7	2	0	0	3	0	0	0	0	4	0	0	0	0	0	2	0	3	0	-	-	-	0	0	0	0	2	0
77	0	0	0	0	4	0	0	2	3	0	0	0	-	-	-	0	0	2	0	0	0	-	-	-	0	2	2	2	0	0	0	0	0	0	0	0	0	0	0	0	0	2	0	0	2	-	-	-	-	-	-	0	2	0
78	0	0	0	0	0	3	0	2	3	0	0	0	0	0	0	0	0	2	0	0	7	-	-	-	2	2	2	2	0	6	3	0	0	0	0	0	0	0	4	0	0	2	7	5	2	-	-	-	2	0	5	2	2	0
79	7	0	0	0	0	0	0	0	0	-	-	-	2	0	0	-	-	-	3	0	3	0	0	0	0	0	0	0	0	0	0	0	0	0	0	5	-	-	-	0	0	2	-	-	-	0	0	0	2	0	0	-	-	-
80	0	0	0	6	3	0	0	0	3	0	0	2	2	0	0	0	0	2	0	0	0	2	0	0	0	0	0	0	0	0	0	0	0	-	-	-	3	0	0	0	0	2	-	-	-	-	-	-	-	-	-	0	2	0
81	3	4	6	5	0	0	0	6	0	-	-	-	0	2	0	0	0	0	0	0	0	2	0	0	3	5	0	0	0	0	3	0	0	-	-	-	0	0	0	0	0	2	0	3	0	-	-	-	3	0	0	2	2	2
82	3	4	0	5	0	0	0	0	0	-	-	-	4	2	0	0	0	0	0	8	0	2	0	0	3	5	0	0	0	0	-	-	-	6	0	0	0	0	0	0	0	2	0	3	0	0	0	0	-	-	-	0	2	0
83	0	0	0	10	9	0	3	7	0	-	-	-	0	0	0	0	0	2	0	0	2	0	5	0	0	8	0	2	0	0	-	-	-	2	0	0	-	-	-	0	0	2	-	-	-	-	-	-	-	-	-	0	2	0
84	0	0	0	0	0	0	6	0	0	0	0	0	4	4	0	0	0	2	0	0	3	0	0	0	7	0	0	0	0	0	0	0	0	-	-	-	-	-	-	0	0	2	0	0	2	0	0	0	2	0	0	0	2	0
85	-	-	-	7	0	0	0	0	0	0	0	0	-	-	-	0	0	2	0	0	3	0	0	0	-	-	-	0	0	0	-	-	-	-	-	-	3	0	0	0	0	2	0	0	2	0	0	0	-	-	-	-	-	-
86	0	0	0	0	0	0	0	0	0	0	0	0	4	0	0	2	0	2	0	9	3	0	0	0	0	0	0	0	0	0	0	0	0	-	-	-	3	0	0	0	0	2	0	0	2	0	0	0	2	7	0	0	2	0
87	0	0	0	0	0	0	0	2	0	0	0	0	8	5	0	0	0	2	0	0	0	0	0	0	-	-	-	2	0	0	-	-	-	0	0	0	-	-	-	0	0	2	0	0	2	-	-	-	2	0	0	0	2	0
88	0	0	0	0	0	0	0	0	3	-	-	-	-	-	-	2	0	2	0	0	0	0	0	0	0	0	0	0	0	0	-	-	-	0	0	0	-	-	-	0	0	2	-	-	-	-	-	-	-	-	-	-	-	-
89	0	0	0	0	10	0	0	2	5	-	-	-	2	0	0	0	0	2	0	0	0	0	0	8	-	-	-	-	-	-	-	-	-	0	3	0	-	-	-	0	0	2	0	0	2	-	-	-	-	-	-	0	2	0
90	0	0	0	0	0	0	3	0	0	-	-	-	0	0	0	-	-	-	0	0	2	0	0	0	0	0	0	2	0	0	-	-	-	2	0	0	-	-	-	0	0	2	-	-	-	-	-	-	2	2	2	0	2	0
91	0	0	0	0	0	0	0	0	0	0	0	0	4	0	0	-	-	-	-	-	-	0	0	0	-	-	-	6	0	0	-	-	-	-	-	-	3	0	0	0	0	2	0	0	2	0	0	0	2	0	0	0	2	0
92	8	8	0	7	0	0	7	0	0	2	0	0	4	2	0	-	-	-	5	0	3	-	-	-	-	-	-	-	-	-	0	0	0	-	-	-	-	-	-	0	0	2	0	0	2	-	-	-	2	0	0	0	2	0
93	-	-	-	5	0	3	0	2	3	0	2	0	6	0	0	0	0	2	0	6	0	0	0	0	2	2	2	2	0	0	0	0	0	3	0	0	-	-	-	0	0	2	0	0	2	5	5	0	2	0	5	2	2	4
94	0	0	0	0	0	0	0	2	3	2	0	0	-	-	-	0	0	2	3	2	0	0	0	3	0	2	0	2	0	0	0	0	0	0	3	0	0	0	0	0	0	2	0	0	2	-	-	-	2	0	0	0	2	0
95	0	9	0	11	0	0	0	2	0	-	-	-	2	0	0	-	-	-	0	0	0	0	0	0	0	2	0	2	0	0	-	-	-	0	0	0	-	-	-	0	0	2	0	0	2	-	-	-	-	-	-	0	2	0
96	3	4	0	5	0	0	8	0	0	-	-	-	0	2	0	0	0	0	0	8	0	2	0	0	3	5	0	0	0	7	-	-	-	6	4	0	-	-	-	0	0	2	0	3	0	-	-	-	-	-	-	0	2	0
97	0	6	0	0	0	0	0	0	0	0	0	2	2	0	0	-	-	-	0	0	0	0	0	0	0	0	0	0	0	0	-	-	-	5	0	0	-	-	-	0	0	2	0	0	2	-	-	-	-	-	-	0	2	0
98	0	0	0	0	0	0	0	0	0	-	-	-	-	-	-	2	0	2	3	0	3	0	0	0	0	0	0	0	0	0	-	-	-	0	0	5	3	0	0	0	0	2	0	0	2	-	-	-	-	-	-	0	2	0
99	0	10	0	0	0	0	0	2	6	0	3	0	2	0	0	0	0	2	0	0	0	0	0	0	0	2	0	2	0	0	0	0	0	0	0	2	0	0	0	0	0	2	0	0	2	-	-	-	2	0	0	0	2	0
100	0	0	0	12	0	3	0	2	0	2	8	10	2	0	0	0	0	2	0	0	0	0	0	0	0	2	0	2	0	0	0	0	0	0	0	0	-	-	-	0	0	2	0	0	2	-	-	-	2	0	0	0	2	0
101	0	0	0	0	4	0	0	2	3	0	0	11	2	2	0	0	0	2	0	0	0	0	0	0	8	2	2	2	0	0	-	-	-	0	0	0	0	0	0	0	0	2	0	0	2	-	-	-	2	0	0	0	2	0
102	0	0	0	0	0	0	0	2	0	2	0	0	-	-	-	0	0	2	3	0	0	0	0	0	9	2	0	2	0	0	-	-	-	0	0	0	0	0	0	0	0	2	0	0	2	-	-	-	2	0	0	0	2	0
103	-	-	-	0	0	0	0	2	0	2	0	0	2	0	0	0	0	2	0	0	0	0	0	0	0	2	0	2	0	0	-	-	-	0	0	0	0	0	0	0	0	2	0	6	2	-	-	-	-	-	-	-	-	-
104	0	0	7	0	0	0	0	0	0	2	0	0	0	0	0	0	0	2	0	0	0	5	6	0	0	0	8	-	-	-	0	0	0	0	0	0	3	0	0	0	0	2	0	0	2	-	-	-	-	-	-	0	2	0
105	0	0	0	0	4	0	0	2	0	0	7	9	2	0	0	0	0	2	0	0	0	0	0	0	0	2	0	-	-	-	-	-	-	0	0	0	0	0	3	0	0	2	0	0	2	6	0	0	2	6	0	0	2	0
106	0	0	0	13	0	0	0	2	0	2	0	0	2	0	0	0	0	2	0	2	0	0	0	3	-	-	-	2	0	0	-	-	-	0	0	0	-	-	-	0	0	2	0	0	2	-	-	-	2	0	0	0	2	0
107	9	0	0	7	0	0	0	0	0	2	0	0	4	0	0	0	0	2	0	0	3	0	7	0	10	0	0	0	0	0	0	0	0	-	-	-	3	0	5	0	0	2	0	0	2	-	-	-	2	0	0	0	2	0
108	0	0	0	0	4	0	0	2	0	0	7	9	2	0	0	0	0	2	0	0	0	0	0	0	0	2	0	2	0	0	-	-	-	0	0	0	0	0	3	0	0	2	0	0	2	-	-	-	2	6	0	0	2	0
109	0	0	0	0	0	0	0	0	0	0	0	0	4	0	0	0	0	2	0	0	3	0	0	0	0	0	0	0	0	0	0	0	0	-	-	-	3	0	2	0	0	2	3	0	2	0	0	0	2	0	0	0	2	0
110	0	0	0	0	0	0	0	0	0	0	0	0	4	0	0	0	0	2	0	0	3	0	0	0	0	0	0	5	0	3	0	0	0	-	-	-	3	0	0	0	0	2	0	0	2	0	0	0	2	0	0	0	2	0
111	0	0	0	6	3	0	0	0	3	0	0	2	2	0	0	0	0	2	0	0	0	0	0	0	0	0	0	0	0	0	-	-	-	-	-	-	-	-	-	0	0	2	0	0	2	-	-	-	2	0	0	0	2	0
112	0	0	0	-	-	-	0	2	3	6	3	3	2	0	4	0	0	2	0	0	0	0	0	0	0	2	0	2	5	0	-	-	-	7	0	0	0	0	0	0	0	2	0	0	2	-	-	-	2	0	0	0	2	0
113	0	0	0	0	4	0	0	2	3	-	-	-	-	-	-	0	0	2	0	3	0	0	0	0	0	2	2	2	0	0	0	0	0	0	0	0	0	0	0	0	0	2	0	0	2	-	-	-	4	8	0	0	2	0
114	0	0	9	0	0	0	0	0	4	0	0	2	2	0	0	-	-	-	0	0	0	0	0	0	0	0	0	0	0	0	0	0	0	0	0	0	3	0	0	0	0	2	0	0	2	-	-	-	2	2	2	0	2	4
115	0	0	0	0	0	0	0	0	0	0	0	0	0	0	5	0	0	2	0	0	0	0	0	0	0	0	0	2	0	0	0	0	0	0	0	0	-	-	-	0	0	2	3	0	2	-	-	-	2	0	0	0	2	0
116	0	0	0	0	0	0	9	0	0	0	0	0	4	0	0	3	0	2	0	0	3	0	0	0	0	0	0	0	0	0	2	0	0	-	-	-	3	0	0	0	0	2	0	0	2	0	0	0	2	0	0	0	2	0
117	0	0	7	0	11	0	0	0	0	0	0	0	0	0	0	0	0	2	0	0	0	6	0	4	0	0	0	0	0	0	0	0	0	0	0	0	3	0	6	0	0	2	0	0	2	0	0	0	2	0	0	-	-	-
118	0	0	0	0	0	0	0	0	0	0	0	2	2	0	0	2	0	2	0	0	0	0	0	0	-	-	-	0	0	0	0	0	0	0	5	0	3	0	0	0	0	2	0	0	2	-	-	-	2	6	0	0	2	0
119	0	0	0	0	0	0	0	2	2	2	9	0	2	0	0	0	0	2	0	0	0	0	0	0	0	2	0	2	0	0	-	-	-	0	0	0	0	4	4	0	0	2	0	0	2	-	-	-	2	0	0	-	-	-
120	0	0	0	0	0	0	3	5	0	-	-	-	0	0	0	0	0	2	0	0	2	0	0	0	0	0	0	2	0	0	0	0	0	2	0	0	0	0	0	0	0	2	-	-	-	-	-	-	2	2	2	0	2	0
121	0	0	0	0	0	0	0	2	2	2	0	0	2	0	0	0	0	2	0	0	0	0	0	0	0	2	0	2	0	0	0	0	0	0	0	0	0	4	0	0	0	2	0	0	2	0	4	0	2	0	0	0	2	0
122	0	0	0	12	4	0	0	2	0	0	0	0	2	0	0	0	0	2	6	0	0	0	0	0	0	2	0	2	0	0	0	0	0	0	0	0	0	0	3	0	0	2	0	0	2	0	0	0	-	-	-	-	-	-
123	0	0	7	0	11	0	0	0	0	0	0	0	0	0	0	0	0	2	4	0	0	-	-	-	0	0	0	-	-	-	0	0	0	0	0	4	3	0	0	0	0	2	0	0	2	-	-	-	2	0	0	-	-	-
124	0	0	0	0	0	0	0	0	0	0	0	0	5	2	0	0	0	2	0	10	0	0	0	0	0	4	0	2	0	0	-	-	-	0	0	0	0	0	0	0	0	2	3	0	2	-	-	-	2	0	0	0	2	0
125	2	0	0	0	0	0	0	2	3	2	0	0	2	6	0	-	-	-	0	0	0	0	0	0	0	2	0	2	0	0	-	-	-	0	0	0	0	4	0	0	0	2	0	0	2	-	-	-	2	0	0	0	2	0
126	0	0	0	0	0	0	0	2	2	2	10	0	-	-	-	0	0	2	0	0	0	0	0	0	11	2	0	2	0	0	-	-	-	0	0	0	-	-	-	0	0	2	0	0	2	-	-	-	-	-	-	-	-	-
127	0	0	0	0	0	0	0	0	0	0	0	0	4	0	0	0	0	2	0	0	3	0	0	0	0	9	0	0	0	0	0	0	0	-	-	-	-	-	-	0	0	2	0	0	2	0	0	0	2	0	0	0	2	0
128	10	0	0	0	0	0	10	0	0	2	0	2	2	0	0	2	0	2	0	0	0	0	0	0	0	0	0	0	0	0	-	-	-	-	-	-	3	0	2	0	0	2	0	0	2	-	-	-	-	-	-	0	2	0
129	2	0	0	0	0	0	-	-	-	0	0	5	-	-	-	0	0	2	0	0	3	0	0	0	0	0	0	0	0	0	-	-	-	0	0	0	3	0	0	0	0	2	0	0	2	-	-	-	-	-	-	0	2	0
130	3	4	6	5	0	6	0	0	0	-	-	-	0	2	0	-	-	-	-	-	-	2	0	0	3	5	0	2	0	0	-	-	-	-	-	-	0	0	0	0	0	2	0	3	0	-	-	-	0	0	0	0	2	2
131	0	0	0	0	0	0	0	0	0	0	0	0	4	0	0	0	0	2	4	0	3	0	0	0	0	0	0	0	0	0	0	0	0	-	-	-	3	0	7	0	0	2	0	0	2	0	0	0	2	0	0	0	2	0
132	0	0	0	6	3	0	0	0	0	0	0	2	2	0	0	0	0	2	0	0	0	0	0	0	0	0	0	0	0	0	-	-	-	0	0	0	6	0	0	0	0	2	0	0	2	-	-	-	-	-	-	0	2	0
133	0	0	0	3	2	0	0	0	0	0	0	2	2	0	0	0	0	2	0	0	0	0	0	0	0	0	0	0	0	0	0	0	0	0	6	0	3	0	0	0	0	2	0	0	2	0	0	0	2	9	8	0	2	0
134	0	0	0	0	4	0	0	2	0	0	0	0	2	0	0	0	0	2	0	0	0	0	0	0	0	2	0	2	0	0	0	0	0	0	0	0	0	0	3	0	0	2	0	0	2	-	-	-	2	0	0	0	2	0
135	-	-	-	4	0	0	0	2	0	2	0	0	2	0	0	-	-	-	0	0	0	0	0	0	0	2	0	-	-	-	-	-	-	0	0	0	-	-	-	0	0	2	0	0	2	0	4	0	-	-	-	0	2	0
136	0	0	0	0	0	0	0	2	0	2	0	5	-	-	-	0	0	2	0	2	0	0	0	3	0	2	0	7	0	0	-	-	-	4	0	0	0	0	0	0	0	2	0	0	2	-	-	-	2	0	0	2	2	0
137	0	0	0	0	4	0	0	2	0	0	0	0	2	2	0	0	0	2	3	0	0	-	-	-	0	2	0	2	0	0	0	0	0	0	0	0	0	0	0	0	0	2	0	0	2	-	-	-	2	10	9	0	2	0
138	0	0	0	0	0	0	0	0	0	0	0	2	2	0	0	2	0	2	7	0	3	2	8	0	0	0	0	0	0	0	0	0	0	5	0	0	3	0	0	0	0	2	0	0	2	-	-	-	2	0	6	0	2	0
139	0	0	0	6	3	0	2	0	0	0	0	2	2	0	0	0	0	2	4	0	0	0	0	0	0	0	0	0	0	0	0	0	0	4	0	2	3	0	0	0	0	2	0	0	2	0	0	0	2	0	0	-	-	-
140	0	0	0	11	0	0	0	0	0	0	0	0	4	0	0	0	0	2	0	0	3	0	0	0	0	0	0	5	0	0	0	0	0	-	-	-	-	-	-	0	0	2	0	7	2	0	0	0	2	0	0	0	2	0
141	0	0	0	6	3	0	0	8	3	0	0	2	-	-	-	0	0	2	0	0	0	0	0	0	0	0	0	0	0	0	-	-	-	-	-	-	3	0	0	0	0	2	0	0	2	-	-	-	-	-	-	0	3	5
142	0	0	0	0	4	0	0	2	3	0	0	11	2	2	0	-	-	-	0	0	8	0	0	0	0	2	2	2	0	0	0	0	0	4	0	0	0	0	0	0	0	2	0	0	2	-	-	-	2	0	0	-	-	-
143	0	0	0	-	-	-	0	0	0	-	-	-	-	-	-	-	-	-	-	-	-	0	0	0	0	0	0	0	0	0	-	-	-	-	-	-	-	-	-	-	-	-	-	-	-	0	0	0	-	-	-	0	2	0
144	0	0	0	3	2	7	0	2	0	0	0	0	2	0	0	-	-	-	-	-	-	0	4	0	0	2	0	2	0	0	-	-	-	0	7	0	0	9	0	0	0	2	0	0	2	-	-	-	2	0	0	0	2	0
145	0	0	0	0	0	0	0	2	0	2	0	0	2	0	0	0	0	2	-	-	-	0	9	0	0	2	8	2	0	0	-	-	-	0	0	0	0	0	0	0	0	2	0	0	2	-	-	-	-	-	-	0	2	0
146	0	0	0	6	3	0	0	0	0	0	0	2	2	0	0	0	0	2	0	0	9	0	0	9	0	0	0	0	0	0	0	0	0	-	-	-	-	-	-	0	0	2	0	0	2	0	6	0	2	0	0	0	2	4
147	-	-	-	0	0	0	0	0	0	-	-	-	-	-	-	0	0	2	0	0	0	2	0	2	-	-	-	2	0	0	-	-	-	0	8	2	3	0	0	0	0	2	0	0	2	-	-	-	2	0	0	0	2	0
148	8	8	0	7	12	0	0	0	0	0	0	0	4	0	0	0	0	2	5	0	3	0	0	0	0	0	0	-	-	-	0	0	0	-	-	-	3	0	0	0	0	2	0	0	2	-	-	-	2	0	0	0	2	0
149	0	0	0	-	-	-	-	-	-	0	11	12	4	0	0	-	-	-	-	-	-	-	-	-	0	0	0	0	0	0	-	-	-	-	-	-	-	-	-	-	-	-	-	-	-	0	0	0	-	-	-	0	2	0
150	0	0	0	0	0	0	0	2	0	-	-	-	-	-	-	0	0	2	3	0	0	0	0	0	0	2	0	2	0	0	-	-	-	0	0	0	0	4	0	0	0	2	0	0	2	-	-	-	-	-	-	0	2	0
151	11	0	0	0	0	0	0	2	0	0	0	0	2	0	0	0	0	2	0	0	0	0	0	0	0	2	0	-	-	-	0	0	0	-	-	-	-	-	-	0	0	2	0	0	2	-	-	-	2	11	0	0	2	4
152	0	0	0	0	0	0	0	0	0	0	0	0	0	0	0	-	-	-	0	0	0	0	0	0	0	0	0	-	-	-	0	0	0	0	0	0	-	-	-	0	0	2	3	3	2	-	-	-	2	0	0	0	2	0
153	0	0	0	0	0	0	-	-	-	0	0	0	-	-	-	0	4	2	0	0	3	0	0	0	-	-	-	0	0	0	0	0	0	-	-	-	3	0	0	0	0	2	0	0	2	-	-	-	-	-	-	0	2	0
154	0	0	0	0	0	0	0	0	0	0	0	0	4	0	0	0	0	2	-	-	-	0	0	0	0	0	0	8	0	3	-	-	-	-	-	-	-	-	-	0	0	2	0	0	2	-	-	-	-	-	-	0	2	0
155	0	0	0	0	0	0	3	0	0	-	-	-	0	0	0	0	0	2	0	0	2	0	0	0	0	0	0	2	0	0	0	0	0	2	0	0	-	-	-	0	0	2	-	-	-	-	-	-	2	2	2	0	2	0
156	0	0	5	0	0	0	0	0	0	0	0	0	4	0	0	0	0	2	0	0	3	0	0	0	0	0	0	8	0	0	-	-	-	-	-	-	-	-	-	0	0	2	0	0	2	-	-	-	-	-	-	0	2	0
157	0	0	0	0	4	0	0	2	3	0	0	0	2	2	0	0	0	2	3	0	0	0	0	0	0	2	2	2	6	0	-	-	-	0	0	0	0	0	0	0	0	2	0	0	2	0	0	0	2	0	0	0	2	0
158	0	0	0	0	0	0	0	0	0	-	-	-	2	0	0	-	-	-	3	0	3	0	0	0	0	0	0	0	0	0	-	-	-	0	0	5	-	-	-	0	0	2	0	0	2	-	-	-	2	0	0	0	2	0
159	0	0	0	0	0	0	0	0	0	0	0	0	4	0	0	0	0	2	8	2	3	0	0	0	0	0	0	5	0	0	0	0	0	-	-	-	3	0	0	0	0	2	0	0	2	0	0	0	2	0	0	0	2	0
160	0	0	0	0	4	0	0	2	0	2	0	0	2	0	0	-	-	-	0	0	0	0	0	0	0	2	0	2	0	0	0	0	0	0	0	0	0	0	3	0	0	2	0	0	2	-	-	-	2	0	0	-	-	-
161	0	0	0	0	0	0	0	2	2	2	0	0	-	-	-	-	-	-	-	-	-	0	0	0	0	2	0	-	-	-	-	-	-	0	0	0	0	4	0	0	0	2	0	0	2	-	-	-	-	-	-	0	2	0
162	0	0	0	14	13	0	0	0	0	7	12	2	-	-	-	0	0	2	0	0	0	0	0	0	0	0	0	2	0	0	0	4	0	0	6	0	-	-	-	0	0	2	0	0	2	-	-	-	2	9	8	0	2	0
163	-	-	-	0	0	0	0	2	0	-	-	-	-	-	-	-	-	-	-	-	-	0	0	3	-	-	-	2	0	0	-	-	-	0	0	0	0	0	0	0	0	2	0	8	2	-	-	-	2	0	0	0	2	6
164	0	0	7	0	14	0	0	0	0	0	0	0	0	0	6	0	0	2	4	0	0	0	0	0	0	0	0	0	0	0	-	-	-	0	9	0	3	0	0	0	0	2	3	0	2	0	0	0	2	0	0	0	2	0
165	0	0	0	0	0	0	3	5	0	-	-	-	0	0	0	0	0	2	0	0	2	0	0	0	0	0	0	2	0	0	0	0	0	2	0	0	0	0	0	0	0	2	-	-	-	-	-	-	2	2	2	2	2	0
166	0	0	0	0	0	0	0	0	0	0	0	0	4	0	0	0	0	2	0	0	3	0	0	0	0	0	0	0	0	0	0	0	0	-	-	-	-	-	-	0	0	2	0	0	2	0	0	0	2	0	0	0	2	0
167	0	0	0	0	0	3	0	2	0	0	0	0	2	0	0	0	0	2	0	0	0	0	0	2	0	2	0	2	0	0	0	0	0	0	0	0	7	0	0	0	0	2	3	0	2	-	-	-	-	-	-	5	2	0
168	0	11	0	6	3	0	0	8	0	-	-	-	-	-	-	0	0	2	0	0	0	0	0	0	-	-	-	8	0	3	-	-	-	0	0	0	3	0	0	-	-	-	-	-	-	-	-	-	-	-	-	0	2	0
169	0	0	0	0	0	8	0	0	0	0	0	0	9	7	7	0	0	2	0	0	0	0	0	0	0	0	0	2	0	0	0	0	0	0	0	0	0	0	0	0	0	2	3	0	2	0	0	0	2	0	0	0	2	0
170	0	0	0	0	15	0	0	9	0	-	-	-	0	0	0	0	0	2	0	0	0	0	0	0	0	0	0	2	0	0	0	0	0	0	0	0	0	0	0	0	0	2	3	0	2	0	0	0	2	0	0	0	2	0
171	0	0	0	0	0	0	0	0	0	0	0	2	2	0	0	0	0	2	0	0	0	-	-	-	0	0	0	0	0	0	0	0	0	0	0	0	3	0	0	0	0	2	0	0	2	0	7	0	2	0	0	0	2	0
172	0	0	0	13	0	0	0	2	7	2	0	0	-	-	-	0	0	2	0	2	0	0	10	3	-	-	-	9	0	0	-	-	-	0	0	2	-	-	-	0	0	2	0	0	2	-	-	-	2	0	0	0	2	0
173	0	0	0	0	0	0	0	2	0	0	0	0	8	5	0	0	0	2	-	-	-	0	0	0	-	-	-	2	0	0	-	-	-	0	0	0	-	-	-	0	0	2	8	0	2	-	-	-	2	0	0	0	2	0
174	0	0	0	6	3	0	0	0	0	0	0	2	2	0	0	0	0	2	-	-	-	0	0	0	0	0	0	0	0	0	0	0	0	4	0	2	3	0	0	0	0	2	-	-	-	0	8	0	2	0	0	-	-	-
175	0	0	0	7	0	0	0	0	0	0	0	0	4	0	0	0	0	2	0	11	3	0	0	0	0	4	0	0	0	0	-	-	-	-	-	-	3	0	0	0	0	2	0	0	2	-	-	-	-	-	-	0	2	0
176	0	0	0	0	0	0	0	0	0	0	0	0	4	0	0	0	0	2	0	12	3	0	0	0	0	0	0	0	0	8	-	-	-	-	-	-	-	-	-	0	0	2	0	0	2	0	0	0	-	-	-	0	2	0
177	0	0	0	0	0	0	0	2	0	0	0	0	2	0	0	-	-	-	0	0	0	7	0	0	0	2	9	2	0	0	0	0	0	-	-	-	0	0	0	0	0	2	0	0	2	-	-	-	2	0	0	-	-	-
178	3	4	0	5	0	0	0	0	3	-	-	-	0	2	4	0	0	0	0	0	0	2	0	0	-	-	-	0	0	0	-	-	-	8	0	0	0	0	0	0	0	2	0	3	0	-	-	-	0	0	0	0	2	0
179	0	0	0	0	4	0	0	2	0	0	13	0	2	0	0	0	0	2	0	0	0	0	0	0	0	2	0	2	0	0	-	-	-	0	0	0	0	0	3	0	0	2	0	0	2	-	-	-	2	0	0	0	2	0
180	2	0	10	0	0	0	0	2	0	2	0	0	2	0	0	0	0	2	0	2	10	0	0	3	0	2	0	2	0	9	0	0	0	0	0	0	-	-	-	0	0	2	0	0	2	-	-	-	2	0	0	0	2	0
181	0	0	0	0	0	0	0	2	0	0	0	0	8	5	0	0	0	2	0	0	0	0	0	0	-	-	-	2	0	0	0	0	0	0	0	0	-	-	-	0	0	2	0	0	2	-	-	-	2	0	0	0	2	0
182	0	0	0	0	0	0	0	0	0	0	14	0	-	-	-	0	0	2	0	0	3	0	0	0	0	0	0	-	-	-	-	-	-	-	-	-	-	-	-	0	0	2	0	0	2	-	-	-	-	-	-	0	2	0
183	0	0	0	0	0	0	0	0	0	0	0	0	4	0	0	0	0	2	0	0	3	0	0	0	0	0	0	0	0	0	0	0	0	-	-	-	3	0	0	0	0	2	0	0	2	0	0	0	2	0	0	0	2	0
184	0	0	0	0	0	0	0	0	0	0	0	2	2	0	0	2	0	2	0	0	0	0	0	0	0	0	0	0	0	0	0	0	0	0	0	0	-	-	-	0	0	2	0	0	2	0	0	0	-	-	-	-	-	-
185	-	-	-	0	0	0	-	-	-	-	-	-	4	0	0	0	0	2	3	0	0	0	0	0	0	0	0	0	0	0	-	-	-	-	-	-	3	0	0	0	0	2	0	0	2	0	0	0	2	0	0	0	2	0
186	2	0	0	6	16	0	0	0	0	0	0	2	2	0	2	0	0	2	9	13	0	0	0	0	6	7	6	0	2	0	0	5	0	0	0	0	-	-	-	0	0	2	0	0	2	0	0	0	-	-	-	-	-	-
187	-	-	-	0	0	9	0	2	0	8	0	0	10	0	8	-	-	-	0	0	0	0	11	0	12	10	10	-	-	-	-	-	-	9	10	6	-	-	-	0	0	2	-	-	-	-	-	-	-	-	-	-	-	-
188	0	0	0	-	-	-	0	2	0	0	0	0	2	0	0	0	0	2	0	0	0	0	0	0	0	2	0	2	0	0	0	0	0	-	-	-	7	0	0	0	0	2	0	9	2	-	-	-	-	-	-	0	2	4
189	0	0	0	0	0	0	0	2	0	2	0	0	2	0	0	0	0	2	0	0	0	0	0	0	0	2	0	2	0	0	0	0	0	0	0	0	0	4	0	0	0	2	0	0	2	0	4	0	2	0	0	0	2	0
190	0	0	0	0	0	0	0	2	0	2	0	0	2	0	0	-	-	-	0	0	0	0	0	0	0	2	0	2	0	0	-	-	-	0	0	0	0	4	0	0	0	2	0	0	2	0	0	0	2	0	0	0	2	0
191	0	0	0	0	0	3	0	2	0	0	3	0	2	0	0	0	0	2	0	0	0	0	0	0	13	2	0	-	-	-	-	-	-	0	0	0	0	0	0	0	0	2	0	0	2	-	-	-	2	0	0	2	2	0
192	0	0	0	0	0	0	0	0	0	0	0	2	2	0	0	0	0	2	-	-	-	8	0	10	0	0	0	0	0	0	-	-	-	0	6	0	-	-	-	0	0	2	0	0	2	-	-	-	-	-	-	0	2	0
193	0	12	7	0	0	0	0	0	0	0	0	0	-	-	-	0	0	2	4	2	0	-	-	-	14	0	0	0	0	10	-	-	-	0	0	7	3	0	0	0	0	2	0	0	2	7	9	0	-	-	-	2	2	0
194	0	0	0	0	0	0	0	0	0	0	0	0	0	0	0	0	0	2	-	-	-	0	0	0	-	-	-	2	0	0	0	0	0	0	0	0	-	-	-	0	0	2	3	0	2	-	-	-	2	0	0	0	2	0
195	-	-	-	-	-	-	0	0	0	-	-	-	-	-	-	-	-	-	-	-	-	9	0	8	15	0	0	-	-	-	-	-	-	5	0	0	3	0	0	0	0	2	0	0	2	-	-	-	-	-	-	-	-	-
196	3	4	0	5	0	0	0	0	0	-	-	-	0	2	0	0	0	0	0	0	0	0	0	0	3	5	0	-	-	-	3	0	0	0	0	0	-	-	-	0	0	2	9	3	0	-	-	-	0	0	0	0	2	0
197	0	0	0	0	0	0	0	0	0	0	0	0	11	0	0	0	5	2	0	0	3	0	0	0	0	9	0	0	0	0	-	-	-	-	-	-	3	0	0	0	0	2	0	0	2	0	0	0	2	0	0	0	2	0
198	4	5	5	0	0	0	0	0	0	0	0	0	0	0	0	0	0	2	0	0	3	0	0	0	0	0	0	-	-	-	0	0	0	0	0	0	3	0	0	0	0	2	0	0	2	-	-	-	2	0	0	6	4	7
199	2	0	0	0	0	0	0	2	0	-	-	-	2	0	0	0	0	2	0	0	3	0	0	0	0	2	0	2	0	0	0	0	0	0	0	0	0	0	0	0	0	2	0	0	2	-	-	-	2	0	10	0	2	0
200	0	0	0	4	0	0	0	3	0	-	-	-	2	0	0	0	0	2	3	0	0	-	-	-	0	0	2	0	0	0	0	0	0	0	0	0	3	0	0	0	0	2	0	0	2	5	0	0	2	5	0	0	2	4
201	-	-	-	0	0	0	0	0	0	0	0	2	2	0	0	0	0	2	0	0	0	0	0	0	0	0	0	0	0	0	0	0	3	10	0	0	3	0	0	0	0	2	0	0	2	0	0	0	2	0	11	0	2	0
202	0	0	0	-	-	-	0	0	0	0	0	2	2	0	0	3	6	2	-	-	-	0	0	0	-	-	-	-	-	-	-	-	-	4	0	0	-	-	-	0	0	2	-	-	-	-	-	-	-	-	-	-	-	-
203	0	0	0	0	0	0	0	0	0	0	0	2	2	0	0	0	0	2	0	0	0	0	0	0	0	0	0	-	-	-	0	0	0	0	0	0	3	0	0	0	0	2	0	0	2	0	0	0	2	0	0	0	2	0
204	0	0	0	0	0	0	0	2	2	2	10	0	-	-	-	0	0	2	-	-	-	0	0	0	-	-	-	2	0	0	-	-	-	0	0	0	-	-	-	0	0	2	0	0	2	-	-	-	2	0	0	0	2	0
205	0	0	0	0	0	3	-	-	-	0	0	0	-	-	-	0	0	2	-	-	-	0	0	0	0	2	2	2	0	0	-	-	-	0	0	0	5	0	0	0	0	2	9	0	2	-	-	-	2	0	5	0	2	0
206	-	-	-	15	0	0	0	2	0	2	4	6	2	0	0	0	0	2	0	0	0	0	0	0	2	2	5	-	-	-	-	-	-	0	0	0	0	0	0	0	0	2	-	-	-	8	10	0	2	0	0	0	2	0
207	0	0	0	0	0	0	0	2	2	2	0	0	-	-	-	0	0	2	0	0	10	-	-	-	0	2	0	2	0	0	-	-	-	0	0	4	0	4	7	0	0	2	0	0	2	-	-	-	2	0	5	0	2	0
208	-	-	-	0	0	0	-	-	-	0	0	0	-	-	-	0	0	2	0	0	3	-	-	-	-	-	-	-	-	-	-	-	-	-	-	-	-	-	-	0	0	2	0	0	2	-	-	-	-	-	-	0	2	0
209	0	0	0	0	0	0	0	0	0	0	0	0	4	0	0	0	0	2	0	0	3	10	0	0	0	0	0	0	0	0	0	0	0	0	0	0	3	0	0	0	0	2	0	0	2	6	0	0	2	0	0	0	2	0
210	2	13	11	6	3	0	0	0	0	0	0	2	2	0	0	0	0	2	0	0	0	0	12	0	0	11	0	0	0	0	3	0	4	-	-	-	3	0	0	0	0	2	0	0	2	0	0	0	2	0	0	0	2	0
211	0	0	0	0	0	0	0	2	0	2	0	0	2	0	0	0	0	2	0	0	0	0	0	0	0	2	0	-	-	-	-	-	-	0	0	0	0	0	0	0	0	2	0	0	2	-	-	-	2	0	0	0	2	0
212	2	0	0	12	4	0	0	2	0	2	0	0	-	-	-	0	0	2	0	0	0	0	0	0	0	2	0	-	-	-	0	0	0	0	0	0	-	-	-	0	0	2	0	0	2	-	-	-	-	-	-	0	2	0
213	0	0	0	0	0	0	0	0	0	0	0	0	-	-	-	0	0	2	0	0	3	0	0	0	0	9	0	0	0	0	-	-	-	-	-	-	-	-	-	0	0	2	0	0	2	0	0	0	-	-	-	0	2	0
214	-	-	-	13	0	0	0	2	0	-	-	-	-	-	-	-	-	-	0	2	0	0	0	3	-	-	-	2	0	0	-	-	-	0	0	0	0	0	0	0	0	2	-	-	-	-	-	-	-	-	-	0	2	0
215	0	0	0	0	0	0	0	0	0	0	0	0	4	0	0	0	0	2	0	0	3	0	0	0	0	0	0	0	0	0	0	0	0	-	-	-	-	-	-	0	0	2	0	0	2	-	-	-	2	0	0	0	2	0
216	-	-	-	0	12	0	0	0	0	0	0	2	2	0	0	2	0	2	0	0	0	0	0	0	0	0	0	0	0	0	-	-	-	5	0	0	-	-	-	0	0	2	0	0	2	-	-	-	2	0	0	-	-	-
217	0	0	0	0	0	0	0	0	0	-	-	-	2	0	0	2	0	2	3	0	3	0	0	0	0	0	0	0	0	0	0	0	0	0	0	5	3	0	0	0	0	2	-	-	-	-	-	-	2	0	0	0	2	0
218	0	0	0	0	17	0	0	0	0	0	0	2	2	0	0	0	0	2	0	2	0	0	0	0	0	0	0	0	0	5	-	-	-	0	0	0	3	0	0	0	0	2	0	0	2	0	0	4	2	0	0	0	2	0
219	0	14	12	0	0	0	0	0	0	0	0	2	2	0	0	0	7	2	4	0	7	0	0	0	0	0	0	10	7	0	-	-	-	11	0	0	3	0	0	0	0	2	0	0	2	0	0	0	-	-	-	0	2	0
220	0	15	0	0	0	0	0	3	0	-	-	-	2	8	0	0	0	2	3	0	0	0	0	0	0	0	2	0	0	0	0	0	0	0	0	0	3	0	0	0	0	2	0	0	2	5	0	0	2	5	0	0	2	0
221	0	0	0	0	0	0	0	2	0	2	0	0	-	-	-	-	-	-	0	0	3	0	0	0	0	2	0	2	0	0	0	0	0	-	-	-	0	0	0	0	0	2	0	0	2	-	-	-	2	0	0	0	2	0
222	0	0	0	0	4	0	0	2	0	0	7	9	2	0	0	0	8	2	0	0	0	0	0	0	0	2	0	2	0	0	0	0	0	0	0	0	0	0	3	0	0	2	0	0	2	-	-	-	2	6	0	0	2	0
223	-	-	-	0	0	0	0	2	0	2	4	6	-	-	-	-	-	-	-	-	-	11	13	11	0	2	5	-	-	-	-	-	-	-	-	-	0	0	0	-	-	-	-	-	-	-	-	-	2	0	0	-	-	-
224	-	-	-	0	0	0	0	0	0	-	-	-	-	-	-	0	0	2	-	-	-	0	0	0	0	0	0	0	0	0	0	0	0	-	-	-	-	-	-	0	0	2	0	0	2	0	0	0	2	0	0	0	2	4
225	0	0	0	0	0	0	0	2	2	2	5	7	2	0	0	0	0	2	0	0	0	-	-	-	0	2	0	2	0	0	0	0	0	0	0	0	3	4	0	0	0	2	-	-	-	0	4	0	2	0	0	0	2	0
226	-	-	-	-	-	-	-	-	-	0	0	0	-	-	-	0	0	2	-	-	-	-	-	-	-	-	-	-	-	-	0	0	0	-	-	-	-	-	-	0	0	2	0	0	2	-	-	-	2	5	0	0	2	0
227	0	0	0	6	3	0	0	0	0	0	0	2	-	-	-	0	0	2	0	0	0	0	0	0	0	0	0	0	0	0	-	-	-	-	-	-	-	-	-	0	0	2	0	0	2	-	-	-	-	-	-	-	-	-
228	0	0	0	6	3	0	0	0	0	0	0	2	-	-	-	-	-	-	0	0	0	0	0	0	0	0	0	8	0	0	-	-	-	0	0	0	-	-	-	0	0	2	0	0	2	-	-	-	-	-	-	0	2	0
229	-	-	-	0	0	3	0	0	0	-	-	-	0	0	2	0	0	2	0	0	0	0	0	0	0	0	0	-	-	-	-	-	-	-	-	-	-	-	-	0	0	2	-	-	-	-	-	-	-	-	-	0	2	0
230	0	0	0	0	0	0	0	0	0	0	15	0	4	0	0	0	0	2	0	0	3	0	0	0	0	0	0	0	0	0	0	0	0	-	-	-	3	0	0	0	0	2	0	0	2	0	0	0	2	0	0	0	2	0
231	0	0	0	0	0	0	11	0	0	0	0	0	4	0	0	0	0	2	4	0	3	0	0	0	0	0	0	0	0	0	3	0	0	-	-	-	3	0	0	0	0	2	0	0	2	-	-	-	2	0	0	2	2	0
232	2	15	0	0	0	0	0	2	0	2	4	6	-	-	-	0	0	2	0	0	0	11	13	11	0	2	5	2	0	0	-	-	-	0	0	0	0	0	0	0	0	2	-	-	-	-	-	-	2	0	0	0	2	0
233	0	0	0	6	3	0	0	0	0	-	-	-	-	-	-	0	0	2	0	0	0	0	0	0	0	0	0	0	0	0	-	-	-	-	-	-	-	-	-	0	0	2	-	-	-	0	0	0	-	-	-	-	-	-
234	-	-	-	0	11	0	0	0	0	9	0	0	0	0	0	0	0	2	0	0	0	0	0	0	0	0	0	0	0	0	0	0	0	0	0	0	3	0	0	0	0	2	10	10	2	5	0	0	2	2	2	-	-	-
235	0	0	5	0	0	0	0	2	0	2	4	6	-	-	-	0	0	2	0	0	0	0	0	12	0	2	5	2	0	0	0	0	0	0	0	0	0	0	0	0	0	2	0	0	2	-	-	-	2	0	0	0	2	0
236	0	0	0	0	0	0	0	2	0	2	0	0	-	-	-	0	0	2	0	0	0	0	0	0	-	-	-	-	-	-	-	-	-	0	0	0	-	-	-	0	0	2	0	0	2	-	-	-	2	0	0	0	2	0
237	0	0	0	0	0	0	0	2	0	2	4	6	2	0	0	0	0	2	0	0	0	0	0	0	0	2	5	2	0	0	0	0	0	0	0	0	0	0	0	0	0	2	0	0	2	-	-	-	2	0	0	0	2	0
238	0	0	0	0	0	3	0	2	0	2	4	6	2	0	0	0	0	2	0	0	0	0	0	0	0	2	5	2	0	0	-	-	-	0	0	0	0	0	0	0	0	2	0	0	2	-	-	-	2	0	0	2	2	0
239	0	0	0	0	0	0	0	0	0	10	0	0	-	-	-	0	0	2	-	-	-	0	0	0	0	0	0	0	0	0	2	0	0	-	-	-	3	0	0	0	0	2	0	0	2	0	0	0	-	-	-	0	2	0
240	0	0	0	0	0	0	0	3	0	-	-	-	2	0	0	-	-	-	3	0	0	-	-	-	0	0	2	0	0	0	-	-	-	0	0	0	3	0	0	0	0	2	0	0	2	5	0	0	-	-	-	0	2	0
241	12	16	13	0	0	0	0	3	0	-	-	-	-	-	-	4	0	2	-	-	-	-	-	-	0	0	2	0	0	0	0	0	0	0	0	0	3	0	0	0	0	2	0	0	2	-	-	-	2	5	0	0	2	0
242	0	0	0	0	0	10	0	0	0	0	0	0	4	0	0	-	-	-	0	0	3	0	0	0	0	0	0	-	-	-	0	0	0	-	-	-	3	0	0	0	0	2	0	0	2	-	-	-	2	0	0	0	2	0
243	0	0	0	0	0	0	0	2	0	0	0	0	8	5	0	0	0	2	0	0	0	2	0	0	-	-	-	2	0	0	-	-	-	-	-	-	-	-	-	0	0	2	11	0	2	-	-	-	-	-	-	0	2	0
244	3	4	6	5	0	0	0	0	0	-	-	-	0	2	0	0	0	0	-	-	-	2	0	0	3	5	0	2	0	0	-	-	-	-	-	-	0	0	0	0	0	2	0	3	0	-	-	-	0	0	0	0	2	2
245	0	0	0	0	0	0	0	0	0	0	0	0	4	0	9	0	0	2	10	0	3	0	0	0	0	0	0	0	0	0	0	0	0	-	-	-	-	-	-	0	0	2	0	0	2	0	0	0	2	0	0	0	2	0
246	0	17	5	0	0	0	0	0	0	0	0	13	2	0	0	0	0	2	0	0	0	0	0	0	0	4	0	0	0	0	-	-	-	12	11	0	3	0	0	0	0	2	0	0	2	-	-	-	2	0	0	0	2	0
247	0	0	0	-	-	-	0	2	0	0	0	0	-	-	-	-	-	-	-	-	-	-	-	-	0	2	0	2	0	0	-	-	-	0	0	0	0	0	0	0	0	2	-	-	-	-	-	-	2	0	0	0	2	0
248	0	0	0	0	4	0	0	2	0	0	0	0	2	0	0	-	-	-	0	0	0	0	0	0	0	2	3	2	0	0	-	-	-	0	0	0	0	0	3	0	0	2	0	0	2	-	-	-	-	-	-	0	2	0
249	0	0	0	0	0	0	-	-	-	2	0	0	2	0	0	0	0	2	0	0	0	0	0	0	16	2	0	2	0	0	-	-	-	0	0	0	0	4	0	0	0	2	-	-	-	-	-	-	2	0	0	0	2	0
250	0	0	0	7	0	0	0	0	0	0	0	0	4	0	0	0	0	2	0	0	3	0	0	0	0	0	0	0	0	0	0	0	0	-	-	-	3	0	0	0	0	2	0	0	2	0	0	0	2	0	0	0	2	0
251	0	0	0	7	0	0	0	0	0	0	0	14	4	0	0	0	0	2	0	0	3	0	0	0	0	0	0	0	0	0	0	0	0	-	-	-	3	0	0	0	0	2	0	0	2	0	0	0	2	0	0	0	2	0
252	-	-	-	16	0	3	2	2	0	2	0	0	-	-	-	0	0	2	11	0	0	0	0	0	0	2	2	2	0	0	0	0	0	-	-	-	-	-	-	0	0	2	9	11	2	0	0	5	2	6	5	0	2	0
253	0	0	0	0	0	0	2	0	0	0	0	0	0	0	0	0	0	2	0	0	0	-	-	-	0	0	0	2	8	0	-	-	-	0	0	2	0	0	0	0	0	2	0	0	2	-	-	-	2	0	0	0	2	0
254	0	0	0	17	0	0	0	0	0	0	0	0	4	0	0	0	0	2	0	0	3	0	0	0	0	0	0	-	-	-	0	0	0	-	-	-	3	0	0	0	0	2	0	0	2	0	0	0	2	0	0	0	2	0
255	0	0	5	0	0	0	0	0	0	0	0	0	4	0	0	0	0	2	0	0	3	0	0	0	0	0	0	0	0	0	-	-	-	-	-	-	-	-	-	0	0	2	0	0	2	0	0	0	2	0	3	0	2	0
256	-	-	-	-	-	-	0	0	7	0	0	0	4	0	0	0	0	0	0	0	0	0	0	13	0	12	11	2	2	0	0	0	0	0	0	0	0	0	0	0	0	2	-	-	-	0	11	0	-	-	-	7	2	0
257	0	0	0	0	0	0	0	2	2	2	0	15	2	0	0	0	0	2	12	0	0	0	14	0	0	2	0	2	9	0	-	-	-	0	0	4	-	-	-	0	0	2	3	0	2	-	-	-	2	0	0	0	2	2
258	0	0	0	0	0	0	0	0	0	0	0	0	4	0	0	0	0	2	0	0	3	0	0	0	0	0	0	0	0	0	0	0	0	-	-	-	3	7	0	0	0	2	0	0	2	0	0	0	-	-	-	0	2	0
259	0	0	0	0	0	0	0	2	8	2	0	0	2	0	0	0	0	2	0	2	0	0	0	3	0	2	0	2	10	0	-	-	-	0	0	0	8	0	0	0	0	2	0	0	2	-	-	-	2	0	0	2	2	8
260	-	-	-	-	-	-	0	0	0	0	0	0	-	-	-	0	0	2	-	-	-	-	-	-	0	0	0	-	-	-	-	-	-	-	-	-	-	-	-	-	-	-	0	0	2	0	0	0	-	-	-	0	2	0
261	0	0	0	0	0	0	0	2	0	2	0	0	2	0	4	0	0	2	3	2	0	0	0	3	0	2	0	2	0	0	-	-	-	0	0	0	0	0	0	0	0	2	0	0	2	-	-	-	5	0	0	0	2	0
262	0	0	0	0	4	0	0	2	3	0	0	0	2	2	0	-	-	-	-	-	-	0	0	0	0	2	2	2	0	0	-	-	-	0	0	0	0	0	0	0	0	2	0	0	2	-	-	-	4	8	0	0	2	0
263	0	0	0	0	0	0	0	0	0	0	0	0	2	0	0	0	0	2	0	0	11	0	0	0	0	0	8	-	-	-	0	0	0	0	0	0	3	10	0	0	0	2	0	0	2	0	0	0	2	0	0	0	2	0
264	0	0	0	0	0	0	0	0	0	0	0	0	4	9	10	0	0	2	0	0	3	-	-	-	0	0	0	8	0	3	0	0	0	-	-	-	-	-	-	0	0	2	0	0	2	-	-	-	-	-	-	-	-	-
265	0	0	0	0	0	0	0	10	0	0	0	0	4	0	0	-	-	-	-	-	-	0	0	0	16	0	0	0	0	0	-	-	-	-	-	-	3	7	0	0	0	2	0	0	2	-	-	-	2	0	0	0	2	0
266	0	0	0	0	0	0	0	0	0	0	0	2	2	10	11	-	-	-	0	0	0	0	0	0	-	-	-	0	0	0	-	-	-	0	0	0	3	0	0	0	0	2	0	0	2	-	-	-	-	-	-	-	-	-
267	0	0	0	0	0	0	0	11	0	0	0	0	4	0	0	-	-	-	0	0	3	0	0	0	0	0	0	0	0	0	0	0	0	-	-	-	3	0	0	0	0	2	0	0	2	0	0	0	2	0	0	0	2	0
268	0	18	6	0	0	0	0	0	0	0	0	0	4	0	0	0	0	2	0	0	3	0	0	0	0	9	0	0	0	0	-	-	-	-	-	-	-	-	-	0	0	2	0	0	2	5	0	0	-	-	-	0	2	0
269	0	0	0	0	18	11	0	12	0	0	0	0	2	0	2	-	-	-	0	0	0	0	0	0	0	0	0	0	0	0	0	0	0	0	0	0	3	0	0	0	0	2	0	0	2	-	-	-	2	0	0	0	2	0
270	3	4	0	5	0	0	0	0	0	-	-	-	0	2	0	0	0	0	0	0	0	2	0	0	3	5	7	0	0	0	-	-	-	0	0	0	0	0	0	0	0	2	0	3	0	0	0	0	-	-	-	0	2	0
271	0	0	0	0	0	0	0	0	0	0	0	0	4	0	0	0	0	2	0	0	3	0	0	0	0	0	0	5	11	0	0	0	0	-	-	-	3	0	0	0	0	2	0	0	2	-	-	-	-	-	-	0	2	0
272	3	4	6	5	0	0	0	6	0	-	-	-	0	2	12	0	0	0	-	-	-	2	0	0	3	5	0	0	0	0	3	0	0	0	0	0	0	0	0	0	0	2	0	3	0	-	-	-	0	0	0	0	2	2
273	0	0	0	0	4	0	0	2	0	0	0	0	2	2	0	-	-	-	0	0	12	0	0	0	-	-	-	2	0	0	0	0	0	0	0	0	0	0	0	0	0	2	0	0	2	-	-	-	-	-	-	0	2	0
274	0	0	0	0	0	3	0	2	0	2	4	6	2	11	0	0	0	2	-	-	-	0	0	0	0	2	5	2	0	0	-	-	-	0	3	0	-	-	-	0	0	2	0	0	2	-	-	-	2	0	0	2	2	0
275	0	0	0	6	0	0	0	0	0	0	0	0	4	0	0	0	0	2	0	0	3	0	0	0	0	0	0	11	0	0	0	0	0	-	-	-	3	0	0	0	0	2	0	0	2	0	0	0	2	0	0	0	2	0
276	0	0	5	0	0	12	0	0	0	2	0	0	0	0	0	2	0	2	0	0	3	0	0	14	0	0	0	2	12	0	0	0	0	0	0	0	3	0	0	0	0	2	0	0	2	0	0	0	2	12	12	0	2	0
277	-	-	-	-	-	-	0	0	0	-	-	-	-	-	-	2	0	2	-	-	-	0	0	0	-	-	-	-	-	-	-	-	-	5	0	0	-	-	-	0	0	2	0	0	2	-	-	-	-	-	-	-	-	-
278	0	0	0	0	0	0	11	0	0	0	0	0	4	0	0	0	0	2	4	0	3	0	0	0	0	0	0	0	0	0	3	0	0	-	-	-	-	-	-	0	0	2	0	0	2	-	-	-	2	0	0	0	2	0
279	0	0	0	0	0	0	0	2	0	2	0	2	2	0	13	-	-	-	0	0	0	0	0	2	0	2	0	2	0	0	-	-	-	0	0	0	0	0	0	0	0	2	-	-	-	0	0	0	-	-	-	-	-	-
280	0	0	0	0	0	0	0	0	0	-	-	-	4	0	0	0	0	2	-	-	-	0	0	0	0	0	0	-	-	-	0	0	0	-	-	-	3	0	0	0	0	2	0	0	2	5	0	0	2	0	0	0	2	0
281	0	0	0	18	0	0	0	13	9	0	0	3	-	-	-	0	0	0	0	0	0	9	0	0	0	0	0	0	0	0	0	0	0	0	0	0	0	0	0	0	0	2	0	0	3	0	0	0	-	-	-	0	2	0
282	0	0	0	0	0	0	0	0	0	0	0	0	4	0	2	0	0	2	0	0	3	0	0	0	0	0	0	0	0	0	0	0	0	-	-	-	3	0	0	0	0	2	0	0	2	0	0	0	2	0	0	0	2	0
283	0	0	0	0	0	0	0	2	0	2	0	0	2	0	0	0	0	2	0	0	3	0	0	0	0	2	0	-	-	-	0	0	0	0	0	0	0	0	0	0	0	2	0	0	2	-	-	-	2	0	0	0	2	0
284	0	15	0	0	0	0	0	3	0	-	-	-	2	0	0	0	0	2	3	0	0	-	-	-	0	0	2	0	0	3	-	-	-	0	0	0	3	0	0	0	0	2	0	0	2	-	-	-	-	-	-	0	2	0
285	0	0	0	0	0	0	0	0	0	0	0	0	4	0	0	0	0	2	0	0	3	0	0	0	0	0	0	0	0	0	0	0	0	-	-	-	3	0	0	0	0	2	0	0	2	-	-	-	2	0	0	0	2	0
286	0	0	0	0	0	0	-	-	-	-	-	-	2	0	0	-	-	-	-	-	-	0	0	0	0	0	0	-	-	-	-	-	-	-	-	-	3	0	0	0	0	2	0	0	2	-	-	-	-	-	-	0	2	0
287	0	0	0	0	0	0	0	0	0	0	0	0	4	0	0	0	0	2	0	0	3	0	0	0	-	-	-	0	0	0	-	-	-	-	-	-	-	-	-	0	0	2	0	0	2	-	-	-	2	0	0	0	2	0
288	13	0	0	0	4	0	0	2	0	0	0	0	2	2	0	0	0	2	-	-	-	9	0	0	0	2	0	2	0	0	-	-	-	0	0	0	0	0	0	0	0	2	0	0	2	-	-	-	2	0	0	0	2	2
289	8	8	0	-	-	-	0	0	0	0	0	0	4	0	0	0	0	2	5	0	3	-	-	-	0	0	0	0	0	0	-	-	-	-	-	-	-	-	-	-	-	-	-	-	-	-	-	-	-	-	-	0	2	0
290	0	0	0	7	0	13	0	0	0	0	13	0	4	0	0	0	0	2	0	0	3	0	0	0	0	0	0	0	0	0	0	0	0	-	-	-	3	0	0	0	0	2	3	0	2	0	0	6	2	0	0	0	2	0
291	0	0	0	19	0	0	0	2	0	2	0	0	2	0	0	0	0	2	0	0	0	0	0	0	0	2	0	2	0	0	0	0	0	0	0	0	0	4	8	0	0	2	12	0	2	0	4	0	2	0	0	0	2	0
292	0	9	14	11	0	0	0	2	6	2	0	16	2	0	0	0	0	2	0	0	0	0	0	0	0	2	0	2	0	0	4	0	0	0	0	0	0	0	9	0	0	2	9	0	2	-	-	-	2	0	0	-	-	-
293	0	0	0	6	3	0	0	0	0	0	0	2	2	0	14	-	-	-	0	0	7	-	-	-	0	0	0	0	0	0	-	-	-	-	-	-	-	-	-	0	0	2	-	-	-	-	-	-	-	-	-	0	2	9
294	-	-	-	0	0	0	0	3	0	0	0	2	2	0	0	2	0	2	3	0	0	0	0	0	2	13	0	0	0	0	0	0	0	0	0	0	3	0	0	0	0	2	0	0	2	-	-	-	2	0	0	0	2	0
295	3	4	6	5	0	0	0	6	0	-	-	-	0	2	0	0	0	0	0	0	0	2	0	0	3	5	0	0	0	0	-	-	-	0	0	0	0	0	0	0	0	2	0	3	0	-	-	-	3	0	0	0	2	2
296	0	0	0	0	0	0	0	0	0	0	0	0	4	0	0	0	0	2	0	0	3	0	0	0	-	-	-	8	0	0	0	0	0	-	-	-	-	-	-	0	0	2	0	0	2	-	-	-	2	0	0	0	2	0
297	0	0	0	-	-	-	0	3	0	-	-	-	-	-	-	0	0	2	3	0	0	-	-	-	0	0	2	0	0	0	0	0	0	10	0	0	-	-	-	0	0	2	0	0	2	-	-	-	-	-	-	0	2	0
298	-	-	-	-	-	-	0	0	3	-	-	-	0	2	0	-	-	-	0	0	0	-	-	-	3	5	0	-	-	-	-	-	-	8	0	0	-	-	-	0	0	2	-	-	-	0	0	0	-	-	-	-	-	-
299	0	0	0	0	0	0	0	2	0	2	0	0	2	0	0	0	0	2	0	0	0	0	0	0	0	2	0	2	0	0	-	-	-	0	0	0	0	4	0	0	0	2	0	0	2	0	4	0	2	0	0	0	2	0
300	8	8	0	7	0	0	0	0	0	0	0	0	4	0	0	0	0	2	5	0	3	0	0	0	0	0	0	0	0	0	0	0	0	-	-	-	3	0	0	0	0	2	0	0	2	0	0	0	2	0	0	0	2	0
301	0	0	0	7	0	0	0	0	0	0	0	0	4	0	2	0	0	2	0	0	3	0	0	0	0	0	0	0	0	0	0	0	0	-	-	-	3	0	0	0	0	2	0	0	2	0	0	0	2	0	0	0	2	0
302	0	0	0	0	0	0	0	0	0	-	-	-	2	12	15	2	0	2	3	0	3	0	0	0	0	0	0	0	13	11	0	0	0	0	12	5	3	0	0	0	0	2	0	0	2	-	-	-	2	0	0	0	2	0
303	0	0	0	7	0	0	0	0	0	0	11	12	4	0	0	0	0	2	0	0	3	0	0	0	0	0	0	0	0	0	0	0	0	-	-	-	3	0	0	0	0	2	0	0	2	0	0	0	2	0	0	0	2	0
304	0	0	0	0	4	0	0	2	3	0	0	0	2	2	0	0	0	2	3	0	0	0	0	0	0	2	2	2	0	0	-	-	-	0	13	0	0	0	0	0	0	2	0	3	2	-	-	-	-	-	-	0	2	0
305	0	0	0	0	0	0	0	2	0	-	-	-	2	13	0	5	9	2	0	14	0	0	0	0	0	2	2	2	0	0	0	3	0	0	3	0	0	11	10	0	0	2	0	0	2	-	-	-	2	0	0	0	2	0
306	-	-	-	4	0	0	0	2	0	2	0	0	2	0	0	0	0	2	0	0	0	0	0	0	0	2	0	-	-	-	-	-	-	0	0	0	-	-	-	0	0	2	0	0	2	0	4	0	2	0	0	0	2	0
307	0	0	0	0	0	0	-	-	-	0	0	2	-	-	-	-	-	-	0	0	0	0	0	0	16	0	0	0	0	0	-	-	-	-	-	-	-	-	-	0	0	2	-	-	-	-	-	-	-	-	-	0	2	0
308	3	4	6	5	0	0	0	6	10	-	-	-	0	2	0	0	0	0	0	15	0	2	0	0	3	5	0	0	0	0	-	-	-	0	0	0	0	0	0	0	0	2	0	3	0	-	-	-	0	0	0	0	2	2
309	0	0	0	0	4	0	0	2	0	0	0	0	2	2	0	0	0	2	3	0	0	-	-	-	0	2	0	2	0	0	-	-	-	0	0	0	0	0	0	0	0	2	0	0	2	-	-	-	2	10	9	0	2	0
310	0	0	0	-	-	-	0	2	0	0	16	0	2	0	0	0	0	2	0	0	0	0	0	0	-	-	-	2	0	3	0	0	0	0	0	0	0	0	0	0	0	2	0	0	2	-	-	-	2	0	0	2	2	0
311	0	0	0	0	19	14	0	2	0	2	0	0	2	0	0	0	0	2	0	0	7	0	0	0	0	2	0	2	0	0	0	6	0	0	0	0	0	4	0	0	0	2	0	0	2	0	0	0	2	0	0	0	2	0
312	0	0	5	0	0	0	0	0	0	0	0	0	4	14	16	0	0	2	0	0	3	0	0	0	0	0	0	-	-	-	0	0	0	-	-	-	3	0	0	0	0	2	13	0	2	-	-	-	-	-	-	0	2	0
313	0	0	0	-	-	-	0	0	0	2	0	2	2	0	17	0	0	2	0	0	0	0	0	0	0	0	0	0	0	0	0	0	0	0	0	0	3	0	0	0	0	2	0	0	2	0	0	7	-	-	-	0	2	0
314	0	0	0	0	0	0	0	2	2	2	0	0	-	-	-	0	0	2	0	0	0	0	0	0	0	2	0	2	9	0	-	-	-	-	-	-	0	4	0	0	0	2	-	-	-	-	-	-	2	0	0	0	2	0
315	0	0	7	0	14	0	0	0	0	0	0	0	0	0	0	0	0	2	4	0	0	0	0	0	0	0	0	0	0	0	0	0	0	0	0	0	3	0	0	0	0	2	3	0	2	0	0	0	2	0	0	0	2	0
316	0	0	0	0	0	0	0	2	0	2	0	0	2	0	0	0	0	2	0	0	0	0	0	0	0	2	0	-	-	-	-	-	-	0	0	0	0	0	0	0	0	2	14	0	2	-	-	-	2	0	0	0	2	0
317	0	0	0	0	4	0	0	2	3	0	0	0	-	-	-	0	0	2	0	0	0	0	0	0	0	2	2	2	0	0	0	0	0	0	0	0	0	0	0	0	0	2	0	0	2	0	0	0	2	0	0	0	2	0
318	0	0	0	0	0	0	0	0	0	0	0	0	4	0	0	0	10	2	0	0	3	0	0	0	0	0	0	0	0	0	0	0	0	-	-	-	3	0	0	0	0	2	0	0	2	0	0	0	2	0	0	0	2	0
319	0	0	0	0	0	0	0	0	0	3	0	0	4	0	0	0	0	2	0	0	3	0	0	0	0	0	0	0	2	0	0	0	0	-	-	-	3	0	0	0	0	2	0	0	2	0	0	0	2	0	0	0	2	0
320	0	0	0	0	0	0	0	2	0	0	3	0	2	15	18	0	0	2	0	0	0	-	-	-	0	2	0	2	0	0	-	-	-	0	0	0	0	0	0	0	0	2	0	0	2	-	-	-	-	-	-	0	2	0
321	0	0	0	11	0	0	0	0	0	0	0	0	4	0	19	0	0	2	0	0	3	0	0	0	0	0	0	0	0	0	0	0	0	-	-	-	3	0	0	0	0	2	3	0	2	9	12	8	2	0	0	0	2	0
322	0	0	0	6	3	0	0	0	0	0	0	2	-	-	-	0	0	2	0	0	0	0	0	0	-	-	-	0	0	0	0	0	0	4	0	2	-	-	-	0	0	2	-	-	-	-	-	-	2	13	0	-	-	-
323	0	0	0	0	4	0	0	2	0	0	0	0	-	-	-	-	-	-	0	0	0	0	0	0	0	2	0	2	0	0	0	0	0	0	0	0	0	0	3	0	0	2	0	0	2	0	0	0	-	-	-	0	2	0
324	8	8	0	7	0	0	0	0	0	0	0	0	4	2	0	0	0	2	5	0	3	0	0	15	17	14	12	0	0	0	0	0	0	-	-	-	3	0	0	0	0	2	0	0	2	0	0	0	2	0	0	0	2	0
325	0	0	0	12	0	3	0	2	0	2	8	10	2	0	0	0	0	2	0	0	0	0	0	0	0	2	0	2	0	0	-	-	-	0	0	0	-	-	-	0	0	2	0	0	2	-	-	-	-	-	-	0	2	0
326	-	-	-	20	0	0	0	0	0	0	0	0	4	0	0	0	0	2	0	0	3	0	0	0	0	0	0	-	-	-	0	0	0	-	-	-	-	-	-	0	0	2	0	0	2	-	-	-	2	6	0	0	2	0
327	0	0	0	6	3	0	0	0	0	0	0	2	2	0	0	0	0	2	0	0	0	0	0	0	2	0	0	-	-	-	0	0	0	0	0	0	-	-	-	0	0	2	0	0	2	0	0	0	2	0	0	-	-	-
328	2	0	0	0	0	0	-	-	-	0	0	5	2	0	0	6	0	2	0	0	3	9	0	0	0	0	0	0	0	0	-	-	-	0	0	0	3	0	0	0	0	2	0	0	2	-	-	-	2	0	0	0	2	0
329	0	0	0	0	0	0	0	2	2	2	9	0	2	0	0	0	0	2	0	0	0	0	0	0	0	2	0	2	0	0	-	-	-	0	0	0	0	4	0	0	0	2	0	0	2	-	-	-	2	0	0	0	2	0
330	0	0	0	0	0	0	0	2	0	2	0	0	2	0	0	0	0	2	0	2	0	0	0	3	0	2	0	2	0	0	-	-	-	0	0	0	0	0	0	0	0	2	0	0	2	-	-	-	2	0	0	0	2	0
331	0	0	0	0	0	0	0	2	0	0	0	0	2	0	0	0	0	2	13	0	0	0	0	0	0	2	2	2	0	0	0	0	0	12	11	2	0	0	0	0	0	2	0	3	2	-	-	-	-	-	-	0	2	0
332	0	0	0	0	0	0	0	0	0	0	0	0	4	0	0	0	0	2	0	0	3	0	0	0	0	0	0	0	0	0	0	0	0	-	-	-	3	0	11	0	0	2	0	0	2	0	0	0	2	0	0	2	2	0
333	6	7	0	0	6	0	0	2	0	-	-	-	2	0	0	0	0	2	0	9	0	0	0	15	2	2	2	2	0	0	-	-	-	4	0	0	-	-	-	0	0	2	0	0	2	0	0	0	2	0	0	0	2	0
334	0	0	0	0	0	0	3	0	7	-	-	-	0	0	0	0	0	2	0	0	2	0	0	0	0	0	0	2	0	0	0	0	0	0	0	0	-	-	-	0	0	2	0	0	2	-	-	-	2	0	0	0	2	0
335	0	0	0	0	4	0	0	2	0	0	0	0	2	2	0	-	-	-	3	0	0	-	-	-	0	2	0	2	0	0	0	0	0	0	0	0	0	0	0	0	0	2	0	0	2	-	-	-	2	10	9	0	2	0
336	-	-	-	0	0	0	0	0	0	0	0	0	4	16	0	0	0	2	0	0	3	0	0	0	0	0	0	0	0	0	0	0	0	-	-	-	3	0	0	0	0	2	0	0	2	0	0	0	2	0	0	0	2	0
337	3	4	0	5	0	0	0	0	0	-	-	-	0	2	2	0	0	0	0	0	0	2	0	0	3	5	7	0	0	0	-	-	-	0	0	0	0	0	0	0	0	2	-	-	-	0	0	0	0	0	0	0	2	0
338	0	0	0	0	0	0	0	0	11	0	0	0	4	0	0	0	0	2	0	0	3	0	0	0	0	0	0	0	0	0	0	0	0	-	-	-	3	0	0	0	0	2	0	0	2	0	0	0	-	-	-	0	2	0
339	-	-	-	0	12	0	0	0	0	0	0	2	2	0	0	2	0	2	0	0	0	0	0	0	0	0	0	0	0	0	-	-	-	5	0	0	3	0	0	0	0	2	0	0	2	-	-	-	2	0	0	0	2	0
340	-	-	-	-	-	-	0	2	0	0	0	0	2	0	0	7	0	2	0	0	0	0	0	0	0	2	0	2	0	0	0	0	0	0	0	0	7	0	0	0	0	2	0	0	2	-	-	-	-	-	-	0	2	4
341	0	0	0	5	0	0	0	0	0	-	-	-	4	0	0	0	0	2	0	0	3	0	0	0	0	0	0	2	0	0	0	0	0	-	-	-	-	-	-	0	0	2	0	0	2	0	0	0	2	0	0	0	2	0
342	2	0	10	21	0	0	0	2	0	2	0	0	2	0	0	0	0	2	0	2	10	0	0	3	18	2	0	2	0	0	0	0	0	0	0	0	-	-	-	0	0	2	0	0	2	-	-	-	2	0	0	2	2	0
343	0	18	0	0	0	0	2	0	0	0	0	2	2	0	0	0	0	2	0	0	0	0	0	0	16	0	0	-	-	-	-	-	-	0	6	8	3	0	12	0	0	2	0	0	2	-	-	-	2	9	8	0	2	0
344	5	0	0	0	0	0	2	0	0	0	0	0	4	0	0	0	11	2	-	-	-	0	0	0	-	-	-	-	-	-	-	-	-	-	-	-	-	-	-	0	0	2	0	0	2	-	-	-	-	-	-	0	2	0
345	0	0	0	0	4	0	0	2	3	0	0	0	2	2	0	0	0	2	3	0	0	0	0	0	0	2	2	2	6	0	0	0	0	0	0	0	0	0	0	0	0	2	0	0	2	-	-	-	2	0	0	0	2	0
346	14	0	0	0	0	0	0	2	2	2	9	0	2	0	0	0	0	2	0	0	0	0	0	0	0	2	0	2	0	0	-	-	-	0	0	0	7	4	4	0	0	2	0	0	2	-	-	-	2	0	0	0	2	0
347	0	15	0	0	0	0	0	0	0	0	0	0	0	0	0	0	0	2	9	13	0	0	15	0	0	0	0	-	-	-	0	0	0	0	0	0	-	-	-	0	0	2	3	3	2	-	-	-	-	-	-	0	2	0
348	0	0	0	0	0	0	0	14	0	0	0	0	-	-	-	-	-	-	-	-	-	-	-	-	0	0	0	-	-	-	0	0	0	-	-	-	-	-	-	0	0	2	0	0	2	-	-	-	-	-	-	0	2	0
349	0	0	0	13	0	0	0	2	0	2	0	0	2	0	0	0	0	2	0	2	0	0	0	3	0	2	0	2	0	0	-	-	-	0	0	0	0	0	0	0	0	2	0	0	2	0	0	0	2	0	0	0	2	10
350	3	4	6	-	-	-	0	0	0	-	-	-	0	2	0	0	0	0	4	0	0	2	0	0	3	5	0	-	-	-	3	0	0	-	-	-	0	0	0	-	-	-	0	3	0	-	-	-	0	0	0	0	2	2
351	3	4	6	5	0	0	0	6	0	-	-	-	0	2	0	0	0	0	0	0	0	2	0	0	3	5	0	0	0	0	3	0	0	12	11	0	0	0	0	0	0	2	0	3	0	-	-	-	3	0	0	0	2	2
352	2	0	0	0	4	0	0	2	0	0	0	0	2	2	0	0	0	2	0	0	0	0	0	0	0	2	0	2	0	0	-	-	-	0	0	0	0	0	0	0	0	2	15	0	2	0	0	0	2	0	0	0	2	0
353	2	0	0	0	0	0	0	0	0	2	0	0	2	0	0	0	0	2	0	0	3	0	0	0	0	0	0	0	0	0	-	-	-	0	0	0	-	-	-	0	0	2	0	0	2	5	0	0	2	0	0	0	2	0
354	15	19	5	0	0	0	12	0	0	2	0	0	0	0	0	0	0	2	-	-	-	0	0	0	0	0	0	-	-	-	0	5	0	0	0	0	3	0	0	0	0	2	0	0	2	0	0	0	2	0	0	0	2	0
355	0	0	0	0	0	0	0	0	0	0	0	0	4	0	0	0	0	2	0	0	3	0	0	0	0	0	0	0	0	0	-	-	-	-	-	-	-	-	-	0	0	2	0	0	2	0	0	0	2	0	0	0	2	0
356	8	8	0	7	20	15	0	0	0	0	0	0	4	0	0	0	0	2	5	0	3	0	0	0	0	0	0	0	0	0	0	0	0	-	-	-	3	0	0	0	0	2	0	0	2	-	-	-	2	0	0	0	2	0
357	0	0	0	0	0	0	0	2	2	2	17	17	2	0	0	0	0	2	0	0	0	0	0	0	0	2	0	2	0	0	-	-	-	13	14	9	0	4	0	0	0	2	0	0	2	0	4	0	2	0	0	0	2	0
358	0	0	0	6	3	0	0	0	0	0	0	2	2	0	0	0	0	2	0	0	0	0	0	0	0	0	0	0	0	0	0	0	0	0	0	0	3	0	0	0	0	2	0	0	2	-	-	-	-	-	-	0	2	0
359	0	0	0	0	15	0	0	9	0	-	-	-	0	0	0	0	0	2	0	0	0	0	0	0	0	0	0	2	0	0	-	-	-	0	0	0	0	0	0	0	0	2	3	0	2	-	-	-	2	6	0	0	2	0
360	0	0	0	0	0	0	0	0	0	-	-	-	2	0	0	-	-	-	-	-	-	0	0	0	-	-	-	0	0	0	-	-	-	-	-	-	-	-	-	0	0	2	0	0	2	0	0	0	2	0	0	0	2	11
361	0	0	0	0	4	0	0	2	0	0	0	0	2	2	0	0	0	2	3	0	0	-	-	-	0	2	0	2	0	0	0	0	0	0	0	0	0	0	0	0	0	2	0	0	2	0	0	0	2	10	9	0	2	0
362	0	0	0	0	4	0	0	2	3	0	0	0	2	2	0	0	0	2	3	0	0	0	0	0	0	2	2	2	0	0	0	0	0	0	0	0	0	0	0	0	0	2	-	-	-	5	0	0	2	0	0	0	2	0
363	0	0	0	6	3	0	0	0	0	0	0	2	-	-	-	0	0	2	0	0	0	0	0	0	0	0	0	0	0	0	-	-	-	0	0	0	-	-	-	0	0	2	0	0	2	0	0	0	-	-	-	0	2	0
364	0	0	0	0	0	0	0	0	0	0	0	0	4	0	0	0	0	2	0	0	3	0	0	0	0	0	0	8	0	0	0	0	0	-	-	-	3	0	0	0	0	2	3	0	2	0	0	0	2	0	0	0	2	0
365	0	0	0	0	0	0	0	0	0	0	0	0	4	0	0	0	0	2	0	0	3	0	0	0	0	0	0	-	-	-	-	-	-	-	-	-	-	-	-	0	0	2	0	0	2	-	-	-	-	-	-	0	2	0
366	0	0	0	0	0	0	0	3	0	-	-	-	2	0	0	0	0	2	3	0	0	-	-	-	0	0	2	0	0	0	-	-	-	0	0	0	3	0	0	0	0	2	0	0	2	5	0	0	2	5	0	0	2	0
367	0	0	0	0	0	0	0	2	0	2	0	2	2	0	13	-	-	-	0	0	0	0	0	2	0	2	0	2	14	0	-	-	-	0	0	0	0	0	0	0	0	2	0	0	2	-	-	-	2	0	0	0	2	0
368	0	0	7	0	0	0	3	5	0	-	-	-	0	17	0	0	0	2	0	0	2	12	0	0	0	0	0	2	0	0	-	-	-	2	0	0	-	-	-	0	0	2	-	-	-	-	-	-	2	2	2	0	2	0
369	-	-	-	0	0	0	-	-	-	-	-	-	-	-	-	-	-	-	0	0	0	0	0	0	-	-	-	-	-	-	-	-	-	0	6	0	-	-	-	0	0	2	0	0	2	-	-	-	-	-	-	0	2	0
370	0	0	0	6	3	0	0	0	0	0	0	2	-	-	-	0	0	2	0	0	0	0	0	0	-	-	-	0	0	0	0	0	0	0	0	0	-	-	-	0	0	2	-	-	-	-	-	-	-	-	-	-	-	-
371	-	-	-	0	0	0	-	-	-	0	0	2	2	0	0	0	0	2	0	0	0	0	0	0	0	0	0	0	0	0	0	0	3	0	0	0	3	0	0	0	0	2	0	0	2	0	0	0	-	-	-	0	2	0
372	0	0	0	0	0	0	0	0	0	0	0	0	0	0	0	0	0	2	0	0	0	0	0	0	0	0	0	2	0	0	-	-	-	14	0	0	0	0	0	0	0	2	3	12	2	-	-	-	2	0	0	0	2	0
373	0	0	0	0	0	0	0	0	0	0	0	0	4	0	0	0	0	2	0	0	3	0	0	0	0	0	0	0	0	0	-	-	-	-	-	-	-	-	-	0	0	2	0	0	2	0	0	0	-	-	-	0	2	0
374	0	0	0	0	0	0	0	0	0	0	0	0	4	0	0	0	0	2	0	0	3	0	0	0	0	0	0	0	0	0	0	0	0	-	-	-	-	-	-	0	0	2	0	0	2	0	0	0	2	3	0	0	2	0
375	0	0	0	0	0	0	0	2	2	2	0	0	2	18	0	0	0	2	0	0	0	-	-	-	0	2	13	2	0	0	0	0	0	0	0	0	0	4	0	0	0	2	0	0	2	0	4	0	2	0	0	0	2	0
376	-	-	-	-	-	-	0	0	0	11	0	2	2	0	0	0	0	2	-	-	-	-	-	-	16	0	0	-	-	-	3	0	0	0	0	0	3	0	0	0	0	2	0	0	2	0	0	0	-	-	-	0	2	0
377	-	-	-	0	0	0	0	2	0	-	-	-	-	-	-	0	12	2	0	0	0	-	-	-	0	2	0	-	-	-	0	0	0	-	-	-	-	-	-	0	0	2	0	0	2	-	-	-	-	-	-	-	-	-
378	0	0	0	0	0	0	0	2	2	2	0	0	2	0	0	0	0	2	0	0	0	0	0	0	19	2	0	2	0	0	0	0	0	0	0	0	0	4	0	0	0	2	0	0	2	0	4	0	-	-	-	0	2	0
379	0	0	0	0	4	0	0	2	0	0	0	0	2	2	0	0	0	2	0	0	0	13	0	0	0	2	0	-	-	-	-	-	-	0	0	0	0	0	0	0	0	2	0	0	2	-	-	-	2	0	0	0	2	0
380	0	20	15	0	9	0	3	7	0	-	-	-	0	0	0	0	0	2	0	0	2	0	0	16	11	8	0	2	0	0	-	-	-	2	0	0	0	0	0	0	0	2	-	-	-	0	0	0	2	2	2	2	2	0
381	0	0	0	0	0	0	0	2	0	2	4	6	-	-	-	0	0	2	0	0	0	0	0	0	0	2	5	0	0	0	-	-	-	0	0	0	-	-	-	0	0	2	0	0	2	-	-	-	2	0	0	0	2	0
382	0	0	0	0	0	0	0	0	0	0	0	0	4	0	0	0	0	2	0	0	3	0	0	8	0	0	0	0	0	0	0	0	0	-	-	-	3	0	0	0	0	2	0	0	2	0	0	0	2	0	0	0	2	0
383	0	0	0	0	0	0	0	2	2	0	0	0	2	0	0	0	0	2	0	0	4	0	0	0	0	2	0	2	0	3	-	-	-	0	0	0	0	0	0	0	0	2	0	0	2	-	-	-	2	0	0	0	2	3
384	0	0	0	22	0	0	0	2	0	2	0	0	2	0	0	0	0	2	0	2	0	2	0	3	0	2	0	2	0	0	-	-	-	0	0	0	0	0	0	0	0	2	0	0	2	0	0	0	2	0	0	0	2	0
385	0	0	0	0	4	0	0	2	3	0	0	0	2	2	0	0	0	2	0	0	0	0	0	0	0	2	2	2	0	0	-	-	-	0	0	0	0	0	0	0	0	2	0	0	2	-	-	-	-	-	-	0	2	0
386	-	-	-	0	4	0	0	2	0	0	0	0	2	19	0	-	-	-	-	-	-	0	0	0	0	2	8	2	0	0	-	-	-	0	0	0	9	0	0	0	0	2	0	0	2	0	0	0	-	-	-	0	2	0
387	2	0	0	0	0	0	0	0	0	0	0	2	2	0	0	2	0	2	0	0	0	0	0	0	0	0	0	0	0	0	0	0	0	5	0	0	3	0	0	0	0	2	0	0	2	-	-	-	-	-	-	0	2	0
388	0	0	0	0	0	0	0	0	0	0	0	0	0	0	0	2	0	2	0	0	0	0	0	0	0	0	2	2	0	0	0	0	0	15	0	0	0	0	0	0	0	2	3	0	2	-	-	-	2	0	13	0	2	0
389	0	0	0	0	0	0	3	0	7	-	-	-	0	0	0	0	0	2	0	0	2	0	0	0	0	0	0	2	0	0	0	0	0	2	0	0	-	-	-	0	0	2	-	-	-	-	-	-	2	2	2	0	2	0
390	0	0	0	7	0	0	0	15	0	0	0	0	4	0	0	0	13	2	0	0	3	-	-	-	0	4	0	0	0	0	0	0	0	-	-	-	-	-	-	0	0	2	0	0	2	-	-	-	2	0	0	0	2	0
391	0	0	0	0	4	0	0	2	0	0	0	0	2	2	0	0	0	2	-	-	-	0	0	0	0	2	2	2	0	0	0	0	0	0	0	0	0	5	0	0	0	2	16	13	2	-	-	-	2	0	0	0	2	0
392	0	0	0	0	0	0	0	0	0	0	0	0	4	0	0	0	0	2	0	0	3	0	0	0	0	0	3	0	0	0	-	-	-	-	-	-	3	0	0	0	0	2	0	0	2	0	0	9	2	14	0	0	2	0
393	16	21	0	0	0	3	0	0	0	0	0	0	-	-	-	0	14	2	-	-	-	2	0	2	-	-	-	-	-	-	-	-	-	13	14	9	-	-	-	0	0	2	0	0	2	0	0	5	2	0	5	0	2	2
394	0	0	0	0	0	0	0	0	0	-	-	-	4	0	0	0	0	2	-	-	-	0	0	0	0	0	0	0	0	0	-	-	-	-	-	-	-	-	-	0	0	2	0	0	2	0	0	0	2	0	0	0	2	0
395	0	0	0	6	3	0	0	0	0	0	0	2	2	0	2	0	0	2	3	0	0	0	16	8	0	0	0	0	0	0	0	0	0	0	0	0	3	0	0	0	0	2	0	0	2	0	0	0	2	0	0	-	-	-
396	0	0	0	0	21	0	0	2	0	-	-	-	-	-	-	0	0	2	4	16	0	0	0	0	0	2	0	-	-	-	-	-	-	0	0	0	0	0	0	0	0	2	0	0	2	-	-	-	-	-	-	-	-	-
397	2	13	11	6	3	0	0	0	7	0	0	2	2	20	20	0	0	2	0	0	0	0	17	17	0	0	0	-	-	-	-	-	-	-	-	-	3	0	0	0	0	2	0	0	2	0	0	0	2	0	0	-	-	-
398	0	0	0	-	-	-	0	2	3	12	0	0	2	2	0	0	0	2	0	0	0	0	0	0	0	2	2	2	0	0	0	0	0	0	0	0	0	0	0	0	0	2	0	0	2	-	-	-	2	0	0	0	2	0
399	0	0	0	0	0	0	3	0	7	-	-	-	0	0	0	-	-	-	0	0	2	0	0	0	0	0	0	2	0	0	0	0	0	0	0	0	0	8	0	0	0	2	0	0	2	-	-	-	2	0	0	0	2	9
400	0	12	7	0	0	0	0	0	0	0	0	0	-	-	-	0	0	2	4	2	0	0	0	0	14	0	0	0	0	10	0	0	0	0	0	7	3	0	0	0	0	2	0	0	2	7	9	0	-	-	-	-	-	-
401	0	0	0	0	0	0	0	0	0	-	-	-	-	-	-	2	0	2	3	0	3	0	0	0	0	0	0	-	-	-	-	-	-	0	0	5	-	-	-	0	0	2	-	-	-	0	0	0	-	-	-	-	-	-
402	0	0	0	0	0	0	0	0	0	0	0	0	4	0	0	0	0	2	0	2	3	0	0	0	0	9	0	0	0	0	0	0	0	-	-	-	-	-	-	0	0	2	0	0	2	0	0	0	2	0	0	0	2	0
403	0	0	0	0	4	0	0	2	3	0	0	0	2	2	0	0	0	2	3	0	0	-	-	-	2	2	2	2	0	0	0	0	0	0	0	0	-	-	-	0	0	2	0	0	2	-	-	-	2	0	0	0	2	0
404	-	-	-	0	0	0	0	2	0	0	0	0	-	-	-	-	-	-	0	0	0	0	0	0	-	-	-	2	0	0	-	-	-	0	0	0	-	-	-	0	0	2	0	0	2	-	-	-	-	-	-	0	2	0
405	2	13	11	6	3	0	0	0	7	0	0	2	2	20	20	-	-	-	0	0	0	0	17	17	0	0	0	2	0	0	-	-	-	-	-	-	3	0	0	0	0	2	0	0	2	0	0	0	-	-	-	-	-	-
406	0	0	0	0	0	0	0	0	0	0	0	0	4	0	0	0	0	2	0	0	3	0	0	0	2	0	0	0	0	0	0	0	0	-	-	-	3	0	0	0	0	2	0	0	2	0	0	0	-	-	-	0	2	0
407	0	0	0	0	4	0	0	2	3	0	0	0	2	2	0	0	0	2	0	3	0	0	0	0	0	2	2	2	0	0	0	0	0	0	0	0	0	0	0	0	0	2	0	0	2	-	-	-	4	8	0	0	2	0
408	0	0	0	0	0	0	-	-	-	0	0	0	4	0	0	0	0	2	0	0	3	0	0	0	0	0	0	-	-	-	0	0	0	-	-	-	3	0	0	0	0	2	0	0	2	0	13	0	-	-	-	0	2	0
409	2	0	0	0	0	0	-	-	-	0	0	0	2	0	0	0	0	2	0	0	3	0	0	0	0	0	0	0	0	0	-	-	-	0	0	0	3	0	0	0	0	2	0	0	2	5	0	0	2	0	0	0	2	0
410	0	0	0	0	0	0	0	0	0	0	0	0	4	0	0	0	0	2	0	0	3	0	0	0	0	0	0	8	0	3	-	-	-	-	-	-	-	-	-	0	0	2	0	0	2	-	-	-	-	-	-	0	2	0
411	17	0	0	0	0	0	0	2	0	-	-	-	-	-	-	0	0	2	-	-	-	-	-	-	0	2	0	2	0	0	-	-	-	0	0	0	0	0	0	0	0	2	0	0	2	-	-	-	2	0	0	0	2	0
412	0	0	0	12	0	3	0	2	0	2	8	10	2	0	0	0	0	2	0	0	0	0	0	0	0	2	0	2	0	0	-	-	-	0	0	0	0	0	0	0	0	2	0	0	2	0	14	0	2	0	0	0	2	0
413	2	0	0	0	0	0	-	-	-	0	0	18	2	0	0	0	0	2	0	0	3	0	0	0	0	0	0	-	-	-	-	-	-	0	0	0	3	0	0	0	0	2	0	0	2	-	-	-	-	-	-	0	2	0
414	0	0	0	0	4	0	0	2	0	0	0	0	2	2	0	-	-	-	3	0	0	-	-	-	0	2	0	2	0	0	0	0	0	0	0	0	0	7	0	0	0	2	0	0	2	-	-	-	2	10	9	0	2	0
415	18	0	0	5	0	0	0	0	0	0	0	0	0	0	0	0	0	2	3	0	0	0	18	0	0	0	0	2	0	0	-	-	-	2	15	0	-	-	-	0	0	2	3	0	2	-	-	-	2	2	2	0	2	0
416	0	6	5	0	0	0	0	0	0	0	0	2	2	0	0	2	13	2	0	0	0	0	0	0	0	0	0	0	0	0	0	0	0	5	0	0	-	-	-	0	0	2	0	0	2	0	0	0	2	0	6	0	2	0
417	0	0	0	0	0	0	0	2	12	0	16	0	2	0	0	0	0	2	0	0	0	14	0	0	-	-	-	2	0	3	0	0	0	16	0	0	0	0	0	0	0	2	0	0	2	-	-	-	2	0	0	0	2	0
418	0	0	0	12	0	3	0	2	0	2	8	10	2	0	0	0	0	2	0	0	0	0	0	0	20	2	0	2	0	0	-	-	-	0	0	0	0	0	0	0	0	2	0	0	2	-	-	-	-	-	-	0	2	0
419	0	18	0	0	0	0	0	2	2	0	0	0	2	0	0	0	0	2	0	0	0	-	-	-	0	2	0	2	0	0	-	-	-	0	0	0	0	4	0	0	0	2	0	0	2	-	-	-	2	0	5	0	2	0
420	3	4	0	5	0	0	0	0	0	0	0	5	6	2	0	0	0	0	0	8	0	2	0	0	3	5	0	0	2	0	3	0	0	6	0	0	0	0	0	0	0	2	0	3	0	-	-	-	0	0	0	0	2	0
421	0	0	0	0	4	0	0	2	0	0	0	0	2	2	0	0	0	2	0	0	0	0	0	0	0	2	2	2	0	0	-	-	-	0	16	0	0	5	0	0	0	2	3	0	2	-	-	-	2	0	0	0	2	0
422	0	0	7	0	0	0	0	0	0	0	0	3	4	0	0	0	0	2	4	0	0	0	0	0	0	0	0	0	0	0	-	-	-	0	0	0	3	0	0	0	0	2	3	0	2	0	0	0	2	0	0	0	2	2
423	0	22	0	0	0	0	0	0	0	0	0	0	4	0	0	0	0	2	0	0	3	-	-	-	0	0	0	0	0	0	0	0	0	-	-	-	3	0	0	0	0	2	0	0	2	0	0	0	2	0	0	0	2	0
424	0	0	0	0	22	0	0	2	13	0	3	0	2	0	0	-	-	-	0	0	0	0	0	0	0	2	0	2	0	3	0	0	0	0	0	0	0	0	0	0	0	2	0	0	2	0	0	5	2	0	0	0	2	0
425	0	0	0	0	0	0	0	0	0	-	-	-	-	-	-	2	0	2	3	0	3	0	0	0	0	0	0	0	0	0	-	-	-	0	0	5	-	-	-	0	0	2	-	-	-	-	-	-	2	0	0	0	2	0
426	7	0	0	0	0	0	-	-	-	0	0	0	2	0	0	0	0	2	3	0	13	-	-	-	0	2	3	2	12	0	0	0	0	17	0	0	0	0	0	0	0	2	0	0	2	-	-	-	2	0	0	0	2	0
427	0	0	0	6	3	0	0	0	2	0	0	2	2	0	0	0	0	2	0	0	0	0	0	0	0	0	0	0	0	0	0	0	0	4	0	2	3	0	0	0	0	2	-	-	-	0	0	0	2	0	0	-	-	-
428	8	8	0	7	12	0	0	0	0	0	0	0	4	0	0	0	0	2	5	0	3	0	0	0	0	0	0	-	-	-	0	0	0	-	-	-	3	0	0	0	0	2	0	0	2	0	0	0	2	0	0	0	2	0
429	0	0	0	0	0	0	3	5	3	-	-	-	0	0	0	0	0	2	0	0	2	0	0	0	0	0	0	2	0	0	-	-	-	2	0	0	0	0	0	0	0	2	-	-	-	-	-	-	2	2	2	0	2	0
430	-	-	-	-	-	-	-	-	-	-	-	-	-	-	-	-	-	-	-	-	-	0	0	0	-	-	-	-	-	-	-	-	-	5	0	0	-	-	-	0	0	2	0	0	2	-	-	-	-	-	-	-	-	-
431	0	0	0	-	-	-	0	2	0	13	0	0	2	0	0	7	0	2	0	0	0	0	0	0	0	2	0	2	0	0	0	0	0	0	0	0	7	0	0	0	0	2	0	0	2	-	-	-	-	-	-	0	2	4
432	0	0	0	0	0	0	0	0	0	0	0	2	2	21	0	2	0	2	0	0	0	0	0	0	-	-	-	0	0	0	0	0	0	0	0	0	3	0	0	0	0	2	0	0	2	-	-	-	2	6	0	-	-	-
433	-	-	-	0	0	0	0	2	0	2	0	0	-	-	-	-	-	-	3	0	0	0	0	0	0	2	0	-	-	-	-	-	-	0	0	0	0	4	0	0	0	2	0	0	2	0	0	0	2	0	11	0	2	0
434	19	0	0	5	0	0	0	0	0	0	0	2	2	0	0	0	0	2	0	0	0	0	0	0	0	0	0	0	0	0	0	0	0	0	6	0	3	0	0	0	0	2	0	0	2	0	0	0	2	0	0	0	2	0
435	0	0	0	7	0	9	0	0	0	0	0	0	4	0	4	0	0	2	0	0	3	0	0	0	0	0	0	0	0	0	0	0	0	-	-	-	3	0	0	0	0	2	0	0	2	-	-	-	2	0	3	0	2	0
436	0	0	0	0	0	0	0	0	0	0	0	0	4	0	0	0	0	2	4	0	3	0	0	0	0	0	0	0	0	0	0	0	0	-	-	-	-	-	-	0	0	2	0	0	2	-	-	-	2	0	0	0	2	0
437	0	0	0	0	0	0	0	2	2	-	-	-	2	0	0	-	-	-	0	0	0	9	0	0	0	2	0	2	0	0	-	-	-	0	0	0	0	4	0	-	-	-	3	0	2	-	-	-	-	-	-	0	2	0
438	0	0	0	0	0	0	0	0	0	0	0	0	4	0	0	0	0	2	0	0	3	0	0	0	0	0	0	0	0	0	2	0	0	-	-	-	3	0	4	0	0	2	0	0	2	-	-	-	2	0	0	0	2	0
439	0	0	0	0	4	0	0	2	0	0	0	0	2	2	21	-	-	-	3	0	0	15	19	18	0	2	0	2	0	0	-	-	-	0	0	0	0	0	0	0	0	2	0	0	2	-	-	-	2	10	9	0	2	0
440	0	17	0	13	0	0	0	2	0	2	0	0	2	0	0	0	0	2	0	2	0	0	0	3	-	-	-	2	0	0	-	-	-	0	0	0	0	0	0	0	0	2	-	-	-	0	0	0	2	0	0	0	2	0
441	0	0	0	0	0	0	0	0	0	0	0	2	2	0	0	2	0	2	4	0	0	0	0	0	0	0	0	12	0	0	0	0	0	4	0	0	3	0	0	0	0	2	0	0	2	0	0	0	2	0	0	0	2	0
442	0	0	0	0	0	3	0	2	0	14	0	19	-	-	-	0	0	2	0	0	7	0	0	0	0	2	2	2	0	0	-	-	-	0	0	0	5	0	2	0	0	2	3	0	2	-	-	-	-	-	-	0	2	2
443	2	13	11	6	3	0	0	0	0	0	0	2	2	0	22	0	0	2	0	0	0	0	0	0	0	0	0	0	0	0	-	-	-	-	-	-	3	0	0	0	0	2	0	0	2	-	-	-	2	15	0	0	2	0
444	0	0	0	23	0	0	0	0	0	0	0	0	4	0	0	0	0	2	0	0	3	0	0	0	0	0	0	0	0	0	0	0	0	-	-	-	-	-	-	0	0	2	0	0	2	-	-	-	2	0	0	0	2	12
445	0	0	0	0	4	0	0	2	0	0	0	0	2	2	0	0	0	2	0	0	0	0	0	0	0	2	14	2	0	0	-	-	-	0	0	0	-	-	-	0	0	2	0	0	2	-	-	-	-	-	-	0	2	0
446	0	0	0	0	0	0	3	5	0	-	-	-	0	0	0	0	0	2	0	0	2	-	-	-	21	15	0	2	0	0	0	0	0	2	0	0	0	0	0	0	0	2	-	-	-	-	-	-	2	2	2	0	2	0
447	0	0	16	0	0	0	13	16	14	0	0	0	-	-	-	-	-	-	0	0	0	2	0	0	-	-	-	-	-	-	-	-	-	0	0	7	3	0	0	0	0	2	0	0	2	-	-	-	2	0	0	0	2	0
448	0	0	17	0	0	0	0	2	5	-	-	-	2	0	0	0	0	2	-	-	-	0	0	0	0	2	2	2	0	0	0	3	0	0	3	0	0	0	0	0	0	2	0	0	2	0	0	0	2	0	0	0	2	0
449	0	0	5	0	0	0	0	2	0	-	-	-	-	-	-	0	0	2	0	0	0	16	0	0	0	2	0	-	-	-	-	-	-	-	-	-	-	-	-	0	0	2	0	0	2	-	-	-	-	-	-	0	2	0
450	-	-	-	0	0	0	0	0	0	-	-	-	-	-	-	0	0	2	0	0	0	0	0	0	-	-	-	-	-	-	-	-	-	0	6	0	-	-	-	0	0	2	0	0	2	-	-	-	2	9	8	0	2	0
451	0	0	0	5	0	0	0	0	0	0	0	0	4	0	0	0	0	2	0	0	3	0	0	0	0	0	0	0	0	0	0	0	0	-	-	-	-	-	-	0	0	2	0	0	2	-	-	-	2	0	0	0	2	0
452	-	-	-	0	4	0	0	2	0	0	0	0	-	-	-	-	-	-	0	0	3	0	0	0	0	2	0	-	-	-	-	-	-	0	0	0	-	-	-	0	0	2	0	0	2	-	-	-	2	0	0	0	2	0
453	0	0	0	0	0	0	0	2	2	-	-	-	-	-	-	-	-	-	0	0	0	0	0	0	0	2	0	-	-	-	-	-	-	0	0	0	0	4	0	0	0	2	0	0	2	-	-	-	2	0	0	0	2	0
454	0	0	0	22	23	0	0	2	0	2	0	0	2	0	0	0	0	2	0	2	0	2	0	3	0	2	0	2	0	0	-	-	-	0	0	0	0	0	0	0	0	2	0	0	2	0	0	0	2	0	0	-	-	-
455	0	0	0	0	0	0	0	2	0	0	16	0	2	0	0	0	0	2	11	0	0	14	0	0	-	-	-	2	0	3	0	0	0	12	11	0	0	0	0	0	0	2	0	0	2	-	-	-	2	0	0	0	2	0
456	-	-	-	-	-	-	0	0	0	-	-	-	-	-	-	2	0	2	0	0	0	9	0	0	-	-	-	5	0	0	-	-	-	5	0	0	-	-	-	0	0	2	0	0	2	-	-	-	-	-	-	-	-	-
457	0	0	0	7	0	0	0	0	0	0	0	0	4	0	0	0	0	2	0	0	3	0	0	0	0	0	0	0	0	0	0	0	0	0	0	0	3	0	0	0	0	2	0	0	2	0	15	0	2	0	0	0	2	13
458	0	0	0	0	4	0	0	2	0	0	0	0	2	2	0	-	-	-	0	0	0	0	0	0	0	2	0	2	0	0	-	-	-	0	0	0	0	0	0	0	0	2	0	0	2	-	-	-	2	0	0	0	2	0
459	0	0	0	6	3	0	0	17	0	0	0	2	2	0	2	0	0	2	3	0	0	0	0	8	0	0	0	0	0	0	0	0	0	0	0	0	3	0	0	0	0	2	0	0	2	-	-	-	-	-	-	-	-	-
460	0	0	0	24	24	16	0	0	0	0	0	0	12	0	0	0	0	2	14	17	0	2	0	0	0	0	0	2	0	0	-	-	-	0	0	2	-	-	-	0	0	2	0	14	2	-	-	-	2	0	0	8	2	0
461	0	0	0	5	0	0	2	0	0	0	18	0	4	0	0	2	0	2	4	0	3	0	0	0	0	0	0	0	0	0	-	-	-	-	-	-	3	0	0	0	0	2	0	0	2	-	-	-	2	0	0	0	2	0
462	0	0	0	0	0	0	3	0	0	-	-	-	0	0	0	0	0	2	0	0	2	0	0	0	0	0	0	2	0	0	0	7	0	2	0	0	0	0	0	0	0	2	-	-	-	-	-	-	2	2	2	0	2	0
463	0	0	6	5	0	0	-	-	-	-	-	-	-	-	-	0	0	2	0	0	10	0	0	0	0	0	0	0	0	0	-	-	-	0	6	0	-	-	-	0	0	2	0	0	2	-	-	-	-	-	-	0	2	0
464	0	0	0	7	0	0	0	0	0	0	0	0	4	0	0	0	0	2	0	0	3	2	0	0	0	0	0	0	0	0	0	0	0	-	-	-	3	0	0	0	0	2	0	0	2	0	0	5	2	0	0	0	2	0
465	0	0	0	0	0	0	-	-	-	0	0	0	-	-	-	-	-	-	8	0	3	0	0	0	0	0	0	0	0	0	-	-	-	0	0	0	3	0	0	0	0	2	0	0	2	-	-	-	-	-	-	6	4	7
466	3	4	6	5	0	0	0	6	0	-	-	-	0	2	0	0	0	0	4	15	0	2	0	0	3	5	0	0	0	0	3	0	0	0	0	0	0	0	0	0	0	2	0	3	0	-	-	-	0	0	0	0	2	2
467	0	0	0	0	0	0	0	18	0	0	0	0	4	0	9	0	0	2	0	0	3	0	0	0	0	0	0	0	0	0	0	0	0	-	-	-	3	0	0	0	0	2	0	0	2	0	0	0	-	-	-	2	2	0
468	0	0	0	-	-	-	3	5	0	-	-	-	4	0	0	-	-	-	0	0	2	-	-	-	0	0	0	2	0	0	-	-	-	2	0	0	0	0	0	0	0	2	-	-	-	-	-	-	2	2	2	0	2	14
469	0	0	0	0	12	0	0	0	0	0	0	0	4	0	0	0	0	2	3	0	3	0	0	0	0	0	0	0	0	0	0	0	0	-	-	-	3	0	0	0	0	2	0	0	2	5	0	0	2	0	0	0	2	15
470	0	0	7	18	0	0	0	19	2	0	0	0	0	0	0	0	0	2	0	0	0	0	0	0	0	0	0	0	0	0	0	0	0	0	0	0	3	0	0	0	0	2	0	0	2	0	0	0	2	0	0	0	2	0
471	2	0	0	0	0	0	0	0	0	0	0	2	2	0	0	0	0	2	0	0	0	0	0	0	-	-	-	-	-	-	0	0	0	4	0	0	3	0	0	0	0	2	0	0	2	-	-	-	2	0	0	0	2	0
472	0	0	0	0	0	0	0	2	0	2	4	6	2	0	0	0	0	2	0	0	0	0	0	0	0	2	5	2	0	0	-	-	-	0	0	0	0	0	0	0	0	2	0	0	2	-	-	-	2	0	0	0	2	0
473	0	0	0	0	0	0	0	0	0	0	0	0	4	0	0	0	0	2	0	0	3	17	0	0	22	0	0	0	0	0	-	-	-	-	-	-	3	0	0	0	0	2	0	0	2	-	-	-	-	-	-	0	2	0
474	8	8	0	7	0	0	0	0	0	0	0	0	4	0	0	0	0	2	5	0	3	0	0	0	0	0	0	0	0	0	0	0	0	-	-	-	3	0	0	0	0	2	0	0	2	-	-	-	2	0	0	0	2	0
475	0	0	0	0	0	3	0	2	0	2	4	6	2	0	0	0	0	2	0	0	0	0	0	0	0	2	5	2	0	0	-	-	-	0	0	10	0	0	0	0	0	2	0	0	2	5	0	0	2	0	0	2	2	0
476	0	0	0	-	-	-	0	0	0	0	0	0	4	0	0	-	-	-	0	0	3	0	0	0	-	-	-	0	0	0	-	-	-	-	-	-	-	-	-	0	0	2	3	0	2	-	-	-	2	0	0	0	2	0
477	0	0	0	0	25	0	0	0	0	0	0	0	-	-	-	0	0	2	0	0	0	0	20	19	23	0	0	0	0	0	-	-	-	0	0	0	3	0	0	0	0	2	0	0	2	0	5	10	2	0	5	0	2	0
478	0	15	0	0	0	0	0	0	0	0	0	0	4	0	0	0	0	2	0	0	3	0	0	0	0	0	0	0	0	0	0	0	0	-	-	-	3	0	0	0	0	2	3	0	2	-	-	-	-	-	-	0	2	0
479	0	0	0	0	0	0	3	0	7	-	-	-	0	0	0	0	0	2	0	0	2	0	0	0	0	0	0	2	0	0	-	-	-	2	0	0	0	0	0	0	0	2	-	-	-	-	-	-	2	2	2	0	5	16
480	0	0	0	0	0	0	0	0	0	0	0	0	4	0	0	0	0	2	0	0	3	0	0	0	0	0	0	8	0	3	0	0	0	-	-	-	3	0	0	0	0	2	0	0	2	-	-	-	2	0	0	0	2	0
481	2	0	0	-	-	-	0	2	0	-	-	-	-	-	-	0	0	2	0	0	0	0	0	0	2	2	2	-	-	-	-	-	-	4	0	0	0	0	0	0	0	2	0	0	2	-	-	-	2	0	0	0	2	0
482	3	4	0	5	0	0	0	0	0	-	-	-	0	2	0	0	15	0	0	8	0	2	0	0	3	5	0	0	0	0	-	-	-	6	0	0	0	0	0	0	0	2	0	3	0	0	4	0	0	0	0	0	2	0
483	0	0	0	0	0	0	0	0	0	-	-	-	-	-	-	-	-	-	0	0	0	-	-	-	-	-	-	-	-	-	-	-	-	4	6	0	-	-	-	0	0	2	0	0	2	-	-	-	-	-	-	0	2	0
484	3	4	6	5	0	0	0	0	0	-	-	-	0	2	0	0	0	0	0	0	0	0	0	0	3	5	0	-	-	-	3	0	0	0	0	0	3	0	0	0	0	2	0	3	0	-	-	-	0	0	0	0	2	0
485	8	8	0	7	0	0	0	0	0	-	-	-	4	0	0	0	0	2	5	0	3	0	0	0	0	0	0	-	-	-	0	0	0	-	-	-	3	0	0	0	0	2	0	0	2	-	-	-	2	0	0	0	2	0
486	5	0	0	0	0	0	0	0	0	0	0	0	4	0	0	0	0	2	-	-	-	0	21	0	0	0	0	-	-	-	-	-	-	-	-	-	3	0	0	0	0	2	0	0	2	-	-	-	2	0	0	0	2	0
487	0	0	0	6	3	0	0	0	0	0	0	2	2	0	0	0	0	2	-	-	-	0	0	0	0	0	8	0	0	0	0	0	0	4	0	2	3	0	0	0	0	2	-	-	-	-	-	-	-	-	-	-	-	-
488	0	0	0	0	0	0	0	0	0	-	-	-	2	0	0	0	0	2	0	0	7	0	0	0	-	-	-	-	-	-	-	-	-	0	6	0	-	-	-	0	0	2	0	0	2	-	-	-	2	9	8	0	2	0
489	0	0	0	0	0	0	0	2	0	2	19	20	2	0	0	-	-	-	0	0	0	0	0	0	2	2	0	2	0	0	0	0	0	0	0	0	0	4	0	0	0	2	0	0	2	0	4	0	2	0	0	2	2	0
490	-	-	-	0	0	0	2	2	0	-	-	-	-	-	-	0	0	2	-	-	-	0	0	0	0	2	0	2	0	0	-	-	-	-	-	-	-	-	-	0	0	2	0	0	2	-	-	-	-	-	-	0	2	0
491	0	0	0	0	0	0	0	2	15	2	0	0	2	0	0	0	0	2	-	-	-	0	22	0	0	2	0	2	0	0	-	-	-	0	0	0	-	-	-	0	0	2	3	0	2	-	-	-	-	-	-	0	2	0
492	0	0	0	0	0	0	0	2	0	2	0	0	2	0	0	0	0	2	0	0	0	0	0	0	0	2	0	2	0	0	-	-	-	0	0	0	0	0	0	0	0	2	0	0	2	0	0	0	2	0	0	0	2	0
493	20	0	0	0	0	0	2	2	0	2	0	0	2	0	0	0	0	2	0	0	0	0	2	5	16	2	0	2	0	0	-	-	-	4	0	0	0	4	0	0	0	2	0	0	2	-	-	-	2	0	0	0	2	0
494	0	0	18	5	0	0	0	2	2	2	0	0	2	0	0	-	-	-	15	0	0	0	7	0	0	2	0	2	0	0	-	-	-	0	0	0	0	4	0	0	0	2	4	0	2	-	-	-	2	0	0	0	2	0
495	20	0	0	0	0	0	2	2	0	2	0	0	2	0	0	0	0	2	0	0	0	0	0	0	0	2	15	2	0	0	-	-	-	16	0	0	0	4	2	0	0	2	0	0	2	0	4	0	2	0	0	0	2	0
496	0	0	0	-	-	-	0	2	0	2	0	2	2	0	0	0	0	2	0	0	0	0	0	2	24	16	16	-	-	-	-	-	-	0	0	0	10	0	4	-	-	-	0	0	2	-	-	-	-	-	-	0	2	0
497	-	-	-	-	-	-	3	0	0	-	-	-	-	-	-	0	0	2	-	-	-	0	0	0	-	-	-	-	-	-	-	-	-	2	0	0	0	0	0	0	0	2	-	-	-	0	0	0	2	2	2	-	-	-
498	-	-	-	0	0	0	2	2	0	2	0	0	-	-	-	0	0	2	0	0	0	0	0	0	0	2	0	2	0	0	-	-	-	0	0	0	8	4	0	0	0	2	0	0	2	-	-	-	2	0	0	0	2	0
499	0	0	0	0	0	0	3	0	0	-	-	-	-	-	-	0	0	2	-	-	-	0	0	0	0	0	0	-	-	-	-	-	-	2	0	0	-	-	-	0	0	2	-	-	-	-	-	-	-	-	-	0	2	0
500	0	0	0	0	0	0	0	2	0	2	0	0	-	-	-	0	0	2	0	0	0	0	0	0	0	2	0	2	0	12	0	0	0	0	0	0	0	0	0	0	0	2	0	0	2	-	-	-	2	0	0	-	-	-
501	0	0	0	0	0	0	0	2	3	6	3	0	2	4	4	0	0	2	0	0	0	0	0	0	0	2	0	2	0	0	-	-	-	0	0	0	0	0	0	0	0	2	0	0	2	-	-	-	2	0	0	0	2	0
502	0	0	0	0	0	0	3	0	2	-	-	-	13	0	0	0	0	2	0	0	2	0	0	0	0	17	17	2	0	0	-	-	-	2	0	0	0	0	0	0	0	2	-	-	-	-	-	-	-	-	-	0	2	0
503	0	0	0	-	-	-	0	2	0	2	0	0	2	22	0	0	0	2	0	0	0	2	0	0	0	2	0	2	0	0	-	-	-	0	0	0	-	-	-	-	-	-	0	0	2	-	-	-	2	0	0	0	2	0
504	0	0	0	25	26	0	0	2	0	2	0	2	2	0	0	0	0	2	-	-	-	18	0	2	0	2	0	2	0	0	-	-	-	0	0	11	-	-	-	0	0	2	0	0	2	-	-	-	-	-	-	0	2	0
505	0	0	0	0	27	0	3	0	0	-	-	-	-	-	-	-	-	-	16	0	2	0	0	0	-	-	-	2	0	0	0	0	0	2	0	0	-	-	-	0	0	2	-	-	-	-	-	-	-	-	-	2	2	0
506	20	0	0	-	-	-	-	-	-	2	0	0	-	-	-	-	-	-	-	-	-	0	0	0	-	-	-	-	-	-	-	-	-	-	-	-	0	4	0	0	0	2	0	0	2	-	-	-	2	0	0	0	2	0
507	0	0	0	-	-	-	0	2	0	2	0	0	-	-	-	-	-	-	0	0	0	0	0	3	16	2	0	2	15	13	0	0	0	0	0	0	0	0	0	0	0	2	0	0	2	-	-	-	2	0	0	0	2	0
508	0	0	0	25	26	3	0	2	0	2	0	2	2	0	0	-	-	-	3	0	0	0	0	2	0	2	0	2	0	0	-	-	-	0	0	0	0	0	4	0	0	2	0	0	2	0	0	0	2	0	0	0	2	0
509	0	0	0	0	0	0	3	20	16	-	-	-	-	-	-	0	16	2	0	0	2	0	0	0	0	0	0	2	0	0	-	-	-	2	0	0	-	-	-	0	0	2	-	-	-	-	-	-	-	-	-	2	2	0
510	20	0	0	26	0	0	2	2	0	2	0	0	2	0	0	0	0	2	0	0	0	0	0	0	0	2	0	2	0	0	-	-	-	0	0	0	0	4	0	0	0	2	0	0	2	-	-	-	2	0	0	0	2	0
511	0	0	0	0	0	0	0	2	0	2	0	0	-	-	-	0	0	2	0	0	0	0	0	20	0	2	0	2	0	0	-	-	-	0	0	0	-	-	-	0	0	2	0	0	2	0	0	0	-	-	-	0	2	0
512	20	0	0	0	0	0	2	2	0	2	0	0	-	-	-	0	0	2	0	0	0	0	0	0	0	2	0	2	0	0	-	-	-	0	0	0	0	4	0	0	0	2	0	0	2	-	-	-	2	0	0	0	2	0
513	20	0	0	0	0	3	2	2	0	2	0	0	-	-	-	0	0	2	0	0	0	0	0	0	0	2	0	2	0	0	-	-	-	0	0	0	0	4	0	0	0	2	17	15	2	-	-	-	2	0	0	0	2	0
514	20	0	0	0	0	0	2	2	0	2	0	0	-	-	-	-	-	-	-	-	-	0	0	0	0	2	0	2	0	0	-	-	-	0	0	0	0	4	0	0	0	2	-	-	-	-	-	-	-	-	-	0	2	0
515	0	0	0	0	0	0	0	2	0	2	0	0	2	0	0	0	0	2	0	0	0	0	0	0	0	2	0	2	0	0	-	-	-	0	17	0	0	0	0	0	0	2	0	0	2	-	-	-	2	0	0	0	2	0
516	0	0	0	0	0	0	3	0	0	-	-	-	0	0	0	0	0	2	0	0	2	0	0	0	0	0	0	2	0	3	0	8	0	2	0	0	0	0	0	0	0	2	-	-	-	0	0	0	2	2	2	0	2	0
517	0	0	0	25	26	0	0	2	0	2	0	2	2	0	0	0	0	2	-	-	-	18	0	2	0	2	0	2	0	0	-	-	-	0	0	11	-	-	-	0	0	2	0	0	2	-	-	-	2	0	0	0	2	0
518	-	-	-	0	0	0	0	0	2	15	0	2	-	-	-	2	0	2	0	18	0	0	0	0	2	0	0	0	0	0	-	-	-	5	0	0	3	0	0	0	0	2	0	16	2	-	-	-	2	0	0	-	-	-
519	0	0	0	0	0	0	-	-	-	-	-	-	2	0	0	0	0	2	0	0	0	0	0	0	0	2	0	-	-	-	-	-	-	-	-	-	-	-	-	0	0	2	0	17	2	-	-	-	-	-	-	0	2	0
520	-	-	-	0	0	0	2	2	0	2	0	0	-	-	-	0	0	3	0	0	0	0	0	0	0	2	0	-	-	-	-	-	-	0	0	0	0	4	0	0	0	2	0	0	2	-	-	-	2	0	0	0	2	0
521	-	-	-	0	0	0	0	2	0	2	0	0	2	0	0	6	0	2	-	-	-	19	0	0	0	2	8	2	0	0	-	-	-	0	0	0	0	0	0	0	0	2	0	0	2	-	-	-	2	0	0	9	6	17
522	0	0	0	0	0	0	0	2	0	2	0	0	-	-	-	0	0	2	4	0	0	0	0	0	0	2	0	2	0	0	-	-	-	0	0	0	0	0	0	0	0	2	0	0	2	-	-	-	2	0	0	0	2	0
523	0	0	0	-	-	-	0	2	0	2	0	0	-	-	-	-	-	-	-	-	-	0	0	3	16	2	0	2	15	13	0	0	0	0	0	0	0	0	0	0	0	2	0	0	2	-	-	-	2	0	0	0	2	0
524	0	0	0	0	0	0	3	0	0	-	-	-	4	0	0	0	0	2	0	0	2	0	0	0	0	0	0	2	0	0	-	-	-	2	0	0	0	0	0	0	0	2	-	-	-	-	-	-	-	-	-	0	2	0
525	20	0	0	0	0	0	2	2	0	2	0	0	-	-	-	0	0	2	0	0	0	0	0	0	0	2	0	2	0	9	-	-	-	0	0	0	0	4	0	0	0	2	0	0	2	-	-	-	2	0	0	0	2	0
526	0	14	12	-	-	-	0	2	3	2	0	0	2	0	0	0	0	2	2	0	0	0	0	0	0	2	0	2	0	3	-	-	-	0	18	12	0	0	0	0	0	2	0	0	2	0	0	0	2	0	0	0	2	0
527	0	0	0	0	0	0	3	0	0	-	-	-	-	-	-	0	0	2	0	0	2	0	0	0	0	0	0	2	0	0	-	-	-	2	0	0	-	-	-	0	0	2	-	-	-	0	0	0	2	2	2	0	2	0
528	0	0	0	0	0	0	0	2	0	2	0	0	2	0	0	0	0	2	0	0	3	-	-	-	0	2	0	2	0	0	-	-	-	0	0	0	-	-	-	0	0	2	0	0	2	-	-	-	-	-	-	0	2	0
529	0	0	0	6	0	0	0	2	0	2	0	2	2	0	0	-	-	-	0	0	0	20	23	2	0	2	0	-	-	-	-	-	-	0	0	0	0	7	0	0	0	2	0	0	2	-	-	-	2	0	0	0	2	0
530	20	0	0	0	0	0	2	2	0	2	0	0	-	-	-	0	0	2	0	0	0	-	-	-	0	2	0	2	0	0	-	-	-	0	0	0	0	4	0	0	0	2	0	0	2	-	-	-	2	0	0	0	7	18
531	20	0	0	5	0	0	2	2	0	2	0	0	-	-	-	0	0	2	-	-	-	0	0	0	0	2	0	2	0	0	-	-	-	0	0	0	0	4	0	0	0	2	0	0	2	0	4	0	2	0	0	0	2	0
532	20	0	5	0	0	0	2	2	0	2	0	0	2	0	0	0	0	2	0	0	0	0	0	0	0	2	0	2	0	6	0	0	0	0	0	0	0	4	0	0	0	2	17	15	2	-	-	-	2	0	0	0	2	0
533	20	0	0	0	0	0	2	2	0	2	0	0	2	0	0	0	0	2	0	0	0	-	-	-	0	2	0	2	0	0	0	0	0	18	0	0	0	4	0	0	0	2	0	0	2	0	4	0	2	0	0	2	2	0
534	0	0	0	0	0	0	3	0	0	-	-	-	0	0	0	0	0	2	0	0	2	0	0	0	0	0	0	-	-	-	-	-	-	2	0	0	-	-	-	0	0	2	-	-	-	-	-	-	2	2	2	0	2	0
535	-	-	-	0	0	0	0	2	0	2	0	0	-	-	-	0	0	2	0	0	0	0	0	0	0	2	0	2	0	0	-	-	-	0	0	0	0	0	0	0	0	2	0	0	2	-	-	-	2	0	0	-	-	-
536	0	0	0	-	-	-	0	2	0	2	0	2	-	-	-	0	0	2	3	0	0	-	-	-	0	2	0	2	0	0	-	-	-	12	11	0	0	0	0	0	0	2	0	0	2	-	-	-	-	-	-	0	2	0
537	0	23	0	0	0	0	3	0	0	-	-	-	0	0	0	0	0	2	0	0	2	0	0	0	0	0	0	-	-	-	-	-	-	2	0	0	0	0	0	0	0	2	-	-	-	-	-	-	-	-	-	0	2	0
538	-	-	-	0	0	0	0	2	0	0	0	0	2	0	0	0	0	2	-	-	-	0	0	0	2	2	2	-	-	-	-	-	-	0	0	0	-	-	-	0	0	2	3	0	2	-	-	-	-	-	-	-	-	-
539	0	0	0	0	0	0	14	2	0	2	0	0	2	17	0	0	0	2	0	19	14	0	0	0	0	2	0	-	-	-	-	-	-	0	0	0	-	-	-	0	0	2	0	0	2	-	-	-	-	-	-	0	2	0
540	3	4	6	-	-	-	0	0	0	0	0	0	14	23	0	0	0	0	0	20	0	16	0	0	0	0	0	-	-	-	-	-	-	0	3	13	0	12	11	0	0	2	0	0	0	5	0	0	-	-	-	0	2	0
541	7	0	0	0	0	3	0	2	2	0	0	0	2	0	4	0	0	2	9	13	0	0	14	0	0	2	2	-	-	-	-	-	-	0	0	0	0	0	0	0	0	2	0	0	2	-	-	-	-	-	-	10	8	0
542	0	0	0	0	0	0	3	0	0	-	-	-	0	0	0	0	0	2	0	0	2	0	0	0	-	-	-	-	-	-	-	-	-	2	3	0	-	-	-	0	0	2	-	-	-	-	-	-	2	2	2	0	2	0
543	0	0	0	0	0	0	0	2	0	2	0	0	2	0	0	0	0	2	17	21	0	0	0	0	0	2	0	2	0	0	0	0	0	0	0	3	0	7	0	0	0	2	0	0	2	-	-	-	-	-	-	0	2	0
544	0	0	0	0	0	0	3	0	0	-	-	-	0	0	0	-	-	-	-	-	-	0	0	0	0	0	0	2	0	0	-	-	-	2	0	0	-	-	-	0	0	2	-	-	-	-	-	-	2	2	2	0	2	0
545	0	9	0	0	0	0	0	2	0	2	0	16	2	0	0	0	0	2	0	0	0	0	0	0	0	2	0	2	0	0	-	-	-	0	0	0	0	0	0	0	0	2	0	0	2	-	-	-	2	0	0	11	2	0
546	-	-	-	0	0	3	0	2	0	2	0	0	-	-	-	-	-	-	0	0	0	0	0	0	0	2	0	-	-	-	-	-	-	4	19	0	3	4	2	0	0	2	0	0	2	-	-	-	2	0	0	0	2	0
547	0	0	0	0	0	0	0	2	0	2	0	0	-	-	-	0	0	2	0	0	0	-	-	-	0	2	0	-	-	-	-	-	-	0	0	0	-	-	-	0	0	2	0	0	2	-	-	-	2	0	0	0	2	0
548	0	0	0	0	0	0	0	2	0	2	0	3	-	-	-	0	0	2	6	0	0	-	-	-	0	2	0	-	-	-	-	-	-	0	0	0	-	-	-	0	0	2	0	0	2	-	-	-	2	0	0	0	2	0
549	21	0	0	-	-	-	-	-	-	-	-	-	-	-	-	0	0	2	0	0	2	0	0	0	0	0	0	2	0	0	-	-	-	-	-	-	-	-	-	0	0	2	-	-	-	-	-	-	-	-	-	0	2	0
550	-	-	-	0	0	0	0	2	0	0	0	0	2	0	0	0	0	2	18	22	0	0	0	0	0	2	2	2	0	0	4	3	0	0	0	0	-	-	-	0	0	2	0	0	2	-	-	-	2	0	0	-	-	-
551	-	-	-	0	0	0	2	2	0	2	0	2	-	-	-	-	-	-	0	2	0	0	0	2	0	2	0	2	0	0	-	-	-	-	-	-	0	0	0	0	0	2	0	0	2	-	-	-	2	0	0	-	-	-
552	-	-	-	0	0	0	-	-	-	-	-	-	-	-	-	0	0	2	-	-	-	0	0	2	-	-	-	2	0	0	0	0	0	-	-	-	-	-	-	0	0	2	0	0	2	-	-	-	-	-	-	-	-	-
553	0	0	0	0	0	0	0	2	0	16	20	0	2	0	0	0	0	2	-	-	-	20	23	0	0	2	2	-	-	-	-	-	-	0	0	0	11	13	0	0	0	2	0	0	2	7	9	0	-	-	-	10	8	0
554	0	0	19	0	0	0	2	2	0	2	0	2	-	-	-	-	-	-	0	23	0	0	0	2	0	2	0	2	0	0	0	0	0	0	0	0	0	0	0	0	0	2	0	0	2	-	-	-	2	0	0	-	-	-
555	22	24	20	-	-	-	0	2	6	2	0	0	-	-	-	0	0	2	0	24	0	0	0	3	0	2	0	-	-	-	0	0	0	0	0	0	12	0	0	0	0	2	0	0	2	0	0	0	-	-	-	0	2	0
556	0	0	0	0	0	0	15	2	0	2	0	0	2	0	3	0	0	2	0	0	0	0	0	0	0	2	0	2	0	0	-	-	-	0	0	0	0	0	0	0	0	2	0	0	2	-	-	-	2	0	3	-	-	-
557	0	0	0	0	0	0	-	-	-	2	0	0	2	0	3	0	0	2	0	0	0	0	0	0	0	2	0	-	-	-	-	-	-	0	0	0	0	0	0	0	0	2	0	0	2	-	-	-	-	-	-	-	-	-
558	0	0	0	5	8	0	0	2	0	2	21	0	-	-	-	0	0	2	0	0	0	-	-	-	0	2	2	-	-	-	-	-	-	0	0	0	0	4	0	0	0	2	0	0	2	-	-	-	2	0	0	0	2	19
559	0	25	21	27	28	0	0	2	0	16	20	0	2	0	0	0	0	2	-	-	-	20	23	0	0	2	2	-	-	-	-	-	-	0	0	0	3	0	0	0	0	2	0	0	2	-	-	-	2	0	0	10	8	0
560	-	-	-	0	0	0	0	2	2	2	0	0	-	-	-	-	-	-	0	0	0	0	0	0	-	-	-	2	16	14	-	-	-	0	0	3	0	0	0	0	0	2	0	0	2	-	-	-	-	-	-	0	2	0
561	2	0	0	0	0	0	0	2	0	2	0	0	2	0	0	0	0	2	4	0	15	0	0	0	0	2	0	2	0	0	-	-	-	0	0	0	0	4	0	0	0	2	0	0	2	-	-	-	-	-	-	0	2	0
562	-	-	-	0	0	0	0	2	0	0	0	0	2	0	0	0	0	2	0	0	0	0	0	0	0	2	2	2	0	7	0	3	0	0	0	0	0	0	0	0	0	2	0	0	2	-	-	-	2	0	0	-	-	-
563	0	0	0	0	0	0	0	2	0	2	0	0	-	-	-	0	12	2	0	0	0	0	0	0	0	2	0	-	-	-	-	-	-	0	13	0	0	0	0	0	0	2	0	0	2	-	-	-	-	-	-	-	-	-
564	0	0	0	0	0	0	0	2	0	2	0	0	-	-	-	-	-	-	0	0	0	0	24	0	0	2	0	-	-	-	-	-	-	19	0	0	-	-	-	0	0	2	-	-	-	10	0	0	-	-	-	-	-	-
565	-	-	-	0	0	0	0	2	0	2	0	0	2	0	0	0	0	2	0	0	0	0	0	0	0	2	0	2	0	0	-	-	-	0	0	0	0	0	0	0	0	2	0	0	2	-	-	-	2	0	0	-	-	-
566	-	-	-	0	0	0	2	2	0	2	0	2	-	-	-	-	-	-	0	2	0	0	0	2	-	-	-	-	-	-	-	-	-	-	-	-	-	-	-	0	0	2	0	0	2	0	0	0	-	-	-	-	-	-
567	0	0	0	0	0	0	8	2	0	2	0	0	2	0	0	0	0	2	-	-	-	0	0	0	0	2	0	-	-	-	-	-	-	0	0	0	-	-	-	0	0	2	3	0	2	0	0	0	-	-	-	0	2	0
568	0	0	0	0	0	0	0	2	0	-	-	-	2	24	0	0	0	2	-	-	-	0	0	0	0	2	2	-	-	-	-	-	-	-	-	-	0	0	0	0	0	2	0	0	2	0	0	0	-	-	-	0	2	0
569	-	-	-	0	0	0	2	2	0	2	0	2	2	0	9	0	0	2	0	2	0	0	0	2	0	2	0	-	-	-	0	0	0	-	-	-	0	0	0	0	0	2	0	0	2	0	0	0	2	0	0	-	-	-
570	0	0	0	0	0	0	2	2	17	2	0	0	2	0	0	0	0	2	0	0	0	0	0	0	16	2	0	2	0	0	-	-	-	0	0	0	0	0	0	0	0	2	3	0	2	-	-	-	2	0	0	0	2	0
571	3	4	0	5	0	0	0	0	0	-	-	-	0	0	0	0	0	0	0	0	0	0	25	21	-	-	-	-	-	-	0	0	0	0	0	0	3	0	0	0	0	2	0	0	0	0	0	0	-	-	-	-	-	-
572	0	0	15	0	0	0	0	2	0	0	3	0	-	-	-	-	-	-	0	0	0	0	2	5	0	2	0	2	0	0	-	-	-	0	0	0	0	0	0	0	0	2	0	0	2	0	0	5	-	-	-	0	2	0
573	0	0	5	0	0	0	0	2	0	2	0	0	2	0	3	0	0	2	0	0	0	0	0	0	0	2	0	2	0	0	-	-	-	0	0	0	-	-	-	0	0	2	0	0	2	-	-	-	-	-	-	0	2	0
574	3	4	6	5	0	0	0	0	0	-	-	-	0	2	0	0	0	0	0	0	0	0	0	0	3	5	0	-	-	-	-	-	-	4	0	0	0	0	0	0	0	2	0	3	0	-	-	-	0	0	14	0	2	0
575	3	4	6	-	-	-	0	0	3	0	0	0	14	23	0	0	0	0	0	20	0	9	0	0	0	0	0	-	-	-	0	0	0	0	3	0	-	-	-	0	0	2	0	0	0	5	16	11	3	0	0	0	9	20
576	23	0	0	0	0	0	0	2	0	2	0	0	2	0	0	0	0	2	0	0	0	0	0	0	0	2	0	-	-	-	-	-	-	0	0	0	-	-	-	0	0	2	0	18	2	-	-	-	2	0	15	0	2	0
577	0	9	0	0	0	0	0	2	0	2	0	16	-	-	-	0	0	2	0	0	0	0	21	0	0	2	0	2	0	0	-	-	-	0	0	0	0	0	0	0	0	2	-	-	-	-	-	-	-	-	-	0	2	0
578	-	-	-	0	29	17	2	2	0	0	0	0	2	0	23	0	0	2	0	0	0	0	0	0	0	2	2	2	0	7	-	-	-	-	-	-	0	0	0	0	0	2	0	0	2	-	-	-	2	0	0	-	-	-
579	-	-	-	0	0	0	0	2	0	0	0	0	2	0	4	0	0	2	0	0	0	0	0	0	2	2	2	2	0	0	-	-	-	13	14	9	13	14	0	0	0	2	18	19	2	0	0	0	2	2	2	-	-	-
580	0	0	0	0	0	0	0	2	0	2	0	0	2	0	0	0	0	2	0	0	0	-	-	-	0	2	0	2	0	0	-	-	-	4	0	0	0	0	0	0	0	2	0	0	2	-	-	-	-	-	-	2	2	0
581	-	-	-	0	0	10	2	2	0	2	0	2	2	0	0	0	0	2	0	2	0	0	0	2	0	2	0	2	0	0	0	0	0	-	-	-	0	0	0	0	0	2	0	0	2	-	-	-	2	0	0	-	-	-
582	0	0	0	0	0	0	-	-	-	2	0	0	2	0	0	0	0	2	0	0	0	0	21	0	0	2	0	2	17	0	-	-	-	0	0	0	0	0	0	0	0	2	0	0	2	-	-	-	2	0	0	0	2	0
583	-	-	-	5	0	0	0	2	0	2	0	0	-	-	-	-	-	-	0	0	0	0	0	0	0	2	0	2	0	0	-	-	-	20	0	14	0	4	0	0	0	2	0	0	2	-	-	-	2	0	0	0	2	0
584	0	0	0	0	0	0	14	2	0	2	0	0	2	17	0	0	0	2	0	19	14	0	0	0	0	2	0	2	0	0	-	-	-	0	0	0	-	-	-	0	0	2	-	-	-	-	-	-	-	-	-	0	2	0
585	11	0	0	0	0	0	-	-	-	2	0	0	2	0	0	0	0	2	0	2	0	0	0	3	0	2	0	2	0	0	-	-	-	0	0	0	0	0	0	0	0	2	0	20	2	-	-	-	2	0	5	0	2	6
586	-	-	-	0	0	0	16	2	0	0	0	0	2	0	0	0	0	2	18	0	0	0	0	0	0	2	2	-	-	-	-	-	-	0	9	0	0	0	0	0	0	2	0	0	2	-	-	-	-	-	-	-	-	-
587	0	0	0	0	0	0	0	2	0	2	0	0	2	0	3	0	0	2	0	0	0	0	0	0	0	2	0	2	0	0	-	-	-	0	0	0	0	0	0	0	0	2	0	0	2	-	-	-	-	-	-	0	2	0
588	0	0	0	0	0	0	0	2	0	2	0	0	2	0	0	-	-	-	0	0	0	0	24	0	0	2	0	2	0	12	-	-	-	19	0	0	0	0	0	0	0	2	0	0	2	-	-	-	-	-	-	-	-	-
589	22	24	20	-	-	-	0	2	6	2	0	0	2	0	9	-	-	-	4	0	0	0	0	3	0	2	0	-	-	-	-	-	-	-	-	-	12	6	0	0	0	2	0	0	2	0	0	0	-	-	-	0	2	21
590	0	20	0	0	0	0	0	2	0	0	22	0	2	0	0	8	0	2	4	25	0	0	0	0	0	2	2	2	0	0	0	3	0	0	0	0	0	0	2	0	0	2	0	0	2	-	-	-	2	16	0	-	-	-
591	0	0	0	0	0	0	3	0	0	-	-	-	0	0	0	0	0	2	0	0	2	0	0	0	-	-	-	2	0	0	-	-	-	2	0	0	-	-	-	0	0	2	-	-	-	-	-	-	2	2	2	0	2	0
592	24	26	22	0	0	17	0	2	0	0	3	0	2	0	0	-	-	-	-	-	-	0	0	0	-	-	-	2	0	0	-	-	-	0	0	0	0	0	0	0	0	2	0	0	2	-	-	-	-	-	-	0	2	0
593	0	9	0	0	0	0	0	2	2	2	0	16	2	0	0	0	0	2	0	0	0	0	0	0	0	2	0	2	0	0	-	-	-	0	0	0	-	-	-	0	0	2	0	0	2	-	-	-	-	-	-	0	2	0
594	-	-	-	0	0	0	0	2	0	2	0	0	-	-	-	-	-	-	0	0	0	0	0	0	0	2	0	2	0	0	-	-	-	4	0	0	-	-	-	0	0	2	0	0	2	-	-	-	2	0	0	-	-	-
595	3	4	0	5	0	10	0	0	0	-	-	-	4	0	9	0	0	0	19	0	0	0	0	22	3	5	0	0	0	0	-	-	-	0	0	0	-	-	-	0	0	2	0	0	0	-	-	-	-	-	-	-	-	-
596	22	24	20	-	-	-	0	2	6	2	0	0	2	0	9	-	-	-	4	0	0	0	0	3	0	2	0	-	-	-	-	-	-	4	0	0	12	6	0	0	0	2	0	0	2	0	0	0	2	0	5	0	2	21
597	9	0	5	5	0	0	3	21	3	-	-	-	0	0	0	0	0	2	0	0	2	0	0	0	0	0	0	-	-	-	0	0	5	2	0	0	-	-	-	0	0	2	-	-	-	0	0	0	2	2	2	0	2	0
598	0	0	0	11	0	0	0	2	0	2	0	0	2	0	0	0	0	2	0	0	0	0	0	0	0	2	0	2	18	0	5	0	0	0	0	3	0	0	0	0	0	2	0	0	2	-	-	-	2	0	0	0	2	0
599	0	0	23	28	30	18	17	2	0	2	0	0	2	25	0	0	0	2	0	0	0	0	0	0	0	2	0	2	0	0	0	0	0	0	0	3	0	11	10	0	0	2	0	0	2	-	-	-	2	0	0	6	4	7
600	0	0	0	-	-	-	0	2	0	2	0	0	-	-	-	-	-	-	0	0	0	0	0	0	0	2	0	-	-	-	-	-	-	0	0	0	8	0	0	0	0	2	0	0	2	-	-	-	-	-	-	0	2	0
601	0	0	0	29	0	0	0	2	0	0	3	0	-	-	-	0	0	2	0	0	0	0	0	0	0	2	0	2	0	0	-	-	-	0	0	0	0	0	0	0	0	2	0	0	2	-	-	-	2	0	0	0	2	0
602	-	-	-	30	0	0	0	2	17	2	0	0	2	0	0	0	0	2	0	0	0	-	-	-	16	2	0	-	-	-	-	-	-	0	0	0	-	-	-	0	0	2	0	0	2	-	-	-	2	0	0	0	2	0
603	-	-	-	-	-	-	0	2	0	2	23	0	-	-	-	0	0	2	-	-	-	0	0	3	0	2	0	2	0	0	0	0	0	0	0	0	12	0	0	0	0	2	0	0	2	-	-	-	2	0	5	0	2	0
604	0	0	0	0	0	0	-	-	-	17	0	0	2	0	0	0	0	2	0	3	0	-	-	-	11	2	0	-	-	-	-	-	-	0	5	0	0	0	0	0	0	2	-	-	-	-	-	-	2	0	0	0	2	0
605	0	0	0	0	0	0	0	2	0	2	0	0	2	0	0	0	0	2	0	26	0	0	0	0	0	2	0	2	0	0	-	-	-	0	0	0	0	0	0	0	0	2	0	0	2	-	-	-	-	-	-	0	2	0
606	0	0	0	0	0	0	0	2	0	0	3	0	-	-	-	0	0	2	0	27	0	0	0	0	0	2	0	2	0	0	-	-	-	0	0	0	0	0	0	0	0	2	3	0	2	-	-	-	2	0	0	0	2	0
607	0	0	0	-	-	-	0	2	0	2	0	0	-	-	-	0	0	2	0	0	0	0	0	3	-	-	-	2	0	0	-	-	-	0	0	0	12	0	0	0	0	2	0	0	2	-	-	-	2	0	0	0	2	0
608	-	-	-	0	0	0	2	2	0	2	0	2	2	0	0	0	0	2	0	2	0	0	0	2	0	2	0	2	0	0	0	0	0	-	-	-	0	0	0	0	0	2	0	0	2	0	0	0	2	0	0	-	-	-
609	0	0	0	5	0	0	0	2	0	2	0	0	-	-	-	-	-	-	0	28	0	0	0	0	0	2	0	2	0	0	-	-	-	0	0	0	-	-	-	0	0	2	-	-	-	-	-	-	-	-	-	5	2	0
610	0	0	18	0	0	0	0	2	2	2	0	0	-	-	-	-	-	-	0	0	0	0	0	23	0	2	0	2	0	0	-	-	-	0	0	2	0	4	0	0	0	2	0	0	2	-	-	-	2	0	0	0	2	0
611	0	0	0	31	31	19	0	2	0	-	-	-	-	-	-	0	0	2	0	0	0	0	0	0	25	2	0	2	0	0	-	-	-	0	0	0	0	0	0	0	0	2	0	0	2	0	0	0	-	-	-	0	2	0
612	-	-	-	0	0	0	0	2	0	2	0	0	2	0	0	-	-	-	-	-	-	0	0	0	-	-	-	-	-	-	-	-	-	0	0	3	0	0	0	0	0	2	0	0	2	-	-	-	2	0	0	0	2	0
613	0	0	0	0	0	0	3	0	0	-	-	-	-	-	-	0	0	2	0	0	2	0	0	0	-	-	-	-	-	-	0	0	0	2	0	0	-	-	-	0	0	2	-	-	-	-	-	-	2	2	2	0	2	0
614	-	-	-	0	0	0	0	2	0	0	0	0	2	0	0	0	0	2	-	-	-	0	0	0	0	2	2	2	0	0	-	-	-	0	0	0	0	0	0	0	0	2	0	0	2	-	-	-	2	0	0	-	-	-
615	0	15	0	0	9	0	3	7	0	-	-	-	0	0	0	0	0	2	0	0	2	0	0	0	0	8	0	2	0	0	0	0	0	2	0	2	-	-	-	0	0	2	-	-	-	-	-	-	-	-	-	0	2	0
616	18	0	0	-	-	-	0	0	0	0	0	0	-	-	-	0	0	2	3	0	0	0	0	0	-	-	-	2	0	0	-	-	-	2	15	0	-	-	-	0	0	2	-	-	-	0	0	0	-	-	-	0	2	0
617	0	0	0	0	9	0	3	7	0	-	-	-	0	0	0	9	0	2	0	0	2	0	0	0	0	8	0	2	0	0	-	-	-	2	0	0	-	-	-	0	0	2	-	-	-	-	-	-	2	2	2	0	10	22
618	0	0	0	0	9	3	3	7	0	-	-	-	0	0	0	0	0	2	20	29	2	2	0	0	0	8	0	2	0	0	0	0	0	2	0	0	0	0	0	0	0	2	-	-	-	-	-	-	2	2	2	0	2	0
619	0	0	0	0	9	0	3	7	0	-	-	-	0	0	0	0	0	2	0	0	2	0	0	0	-	-	-	2	0	0	-	-	-	2	0	2	-	-	-	0	0	2	-	-	-	-	-	-	-	-	-	-	-	-
620	0	0	0	0	9	0	3	7	0	-	-	-	0	0	0	0	0	2	0	0	2	0	0	0	0	8	0	2	0	0	0	0	0	2	0	2	-	-	-	0	0	2	-	-	-	0	0	0	2	2	2	0	2	0
621	0	0	0	0	9	0	3	7	0	-	-	-	0	0	0	0	0	2	0	0	2	0	0	0	-	-	-	2	0	0	-	-	-	2	0	2	-	-	-	0	0	2	-	-	-	-	-	-	-	-	-	0	2	0
622	0	0	0	0	9	0	3	7	0	-	-	-	0	0	0	0	0	2	0	0	2	0	0	0	0	8	0	2	0	0	-	-	-	2	20	2	-	-	-	0	0	2	-	-	-	0	0	0	2	2	2	0	2	0
623	0	0	0	0	0	0	0	2	0	2	0	0	-	-	-	0	0	2	0	30	0	0	0	0	0	2	0	2	0	0	-	-	-	0	0	0	0	3	0	0	0	2	0	0	2	-	-	-	2	0	0	0	2	0
624	0	0	0	0	9	0	3	7	0	-	-	-	-	-	-	0	0	2	0	0	2	0	0	0	0	8	0	2	0	0	0	0	0	2	0	2	-	-	-	0	0	2	-	-	-	-	-	-	-	-	-	0	2	0
625	0	0	0	0	9	0	3	7	0	-	-	-	15	26	0	0	0	2	0	0	2	0	0	0	0	8	0	2	0	0	0	0	0	2	0	0	0	0	0	0	0	2	-	-	-	-	-	-	2	2	2	0	2	23
626	0	0	0	0	9	0	3	7	0	-	-	-	0	27	0	0	0	2	0	0	2	0	0	0	0	8	0	2	2	0	-	-	-	2	0	0	-	-	-	0	0	2	-	-	-	-	-	-	2	2	2	0	2	0
627	0	0	0	0	0	0	3	0	0	-	-	-	0	0	0	0	0	2	0	0	2	0	0	0	0	0	0	2	0	0	-	-	-	2	0	0	-	-	-	0	0	2	-	-	-	0	0	0	2	2	2	0	2	0
628	0	0	0	0	9	0	3	7	0	-	-	-	-	-	-	0	0	2	0	0	2	0	0	0	0	8	0	2	0	0	-	-	-	2	0	2	-	-	-	0	0	2	-	-	-	-	-	-	-	-	-	0	2	0
629	0	0	0	0	9	0	3	7	0	-	-	-	0	0	0	0	0	2	0	0	2	0	0	0	0	8	0	2	0	0	-	-	-	2	20	2	-	-	-	0	0	2	-	-	-	-	-	-	2	2	2	0	2	0
630	0	0	0	0	9	0	3	7	0	-	-	-	0	0	0	0	0	2	0	0	2	0	0	0	0	8	0	2	0	0	-	-	-	2	0	0	-	-	-	0	0	2	-	-	-	-	-	-	2	2	2	0	2	0
631	0	0	0	-	-	-	-	-	-	-	-	-	0	0	0	0	0	2	0	0	2	0	0	0	-	-	-	2	0	0	0	0	0	2	0	2	0	0	0	0	0	2	-	-	-	-	-	-	2	2	2	0	2	0
632	0	0	0	0	9	0	3	7	0	-	-	-	16	0	0	0	0	2	0	0	2	0	0	0	0	8	0	2	0	0	-	-	-	2	0	0	0	0	0	0	0	2	-	-	-	0	0	0	2	2	2	0	2	0
633	0	0	0	0	9	0	3	7	0	-	-	-	0	0	0	0	0	2	0	0	2	0	0	0	0	8	0	2	0	0	-	-	-	2	0	2	0	0	0	0	0	2	-	-	-	0	0	0	2	2	2	0	2	0
634	0	0	0	-	-	-	0	2	2	2	24	0	2	0	0	0	0	2	0	0	0	0	0	0	0	2	0	2	0	0	-	-	-	0	0	0	-	-	-	0	0	2	3	0	2	0	4	0	-	-	-	0	2	0
635	0	0	0	0	9	0	3	7	0	-	-	-	-	-	-	0	0	2	0	0	2	0	0	0	-	-	-	2	0	0	-	-	-	2	0	2	-	-	-	0	0	2	-	-	-	-	-	-	2	2	2	0	2	0
636	0	0	0	0	0	0	0	2	0	2	0	0	2	0	0	0	0	2	0	0	0	2	0	0	0	2	0	2	0	0	-	-	-	0	0	0	0	0	0	0	0	2	0	0	2	0	0	0	2	0	0	-	-	-
637	0	0	0	0	0	0	0	2	18	0	0	0	2	0	0	2	0	2	0	0	16	0	4	0	0	2	0	2	0	0	-	-	-	0	0	0	0	11	10	0	0	2	0	0	2	-	-	-	2	0	0	0	2	0
638	0	0	0	-	-	-	0	2	0	2	0	0	2	0	0	-	-	-	0	0	0	0	0	3	0	2	0	2	19	0	0	0	0	0	0	0	-	-	-	0	0	2	0	0	2	0	0	0	2	0	0	0	2	2
639	0	0	0	0	0	0	2	2	0	2	0	0	2	0	0	0	0	2	0	0	0	0	0	0	0	2	0	2	0	3	-	-	-	0	21	0	0	4	0	0	0	2	0	0	2	0	0	0	2	0	11	2	2	0
640	3	4	0	-	-	-	0	0	0	-	-	-	14	23	0	6	0	0	0	20	0	0	14	0	0	0	0	0	2	0	-	-	-	0	3	0	-	-	-	0	0	2	0	0	0	5	0	0	0	0	0	0	2	0
641	-	-	-	0	0	0	0	2	0	2	0	0	2	28	0	0	0	2	0	0	0	0	0	0	0	2	0	2	0	0	-	-	-	0	22	0	0	0	0	0	0	2	0	0	2	-	-	-	-	-	-	-	-	-
642	2	0	0	0	0	0	0	2	0	2	0	0	2	29	0	0	0	2	0	0	0	0	0	0	0	2	0	2	0	0	-	-	-	0	0	0	0	0	0	0	0	2	0	0	2	0	0	0	2	0	0	-	-	-
643	-	-	-	0	0	0	0	2	0	2	0	0	2	28	0	0	0	2	0	0	0	0	0	0	0	2	0	2	0	0	-	-	-	0	22	0	0	0	0	0	0	2	0	0	2	0	0	0	2	0	0	-	-	-
644	-	-	-	25	26	0	0	2	7	2	0	2	-	-	-	-	-	-	0	0	0	18	26	2	0	2	8	-	-	-	0	9	0	0	0	11	0	0	4	0	0	2	-	-	-	0	0	0	2	0	0	0	2	0
645	3	4	0	-	-	-	2	3	0	0	0	0	14	23	0	0	0	0	-	-	-	0	0	0	0	0	0	-	-	-	-	-	-	0	3	0	0	0	0	0	0	2	0	0	0	5	0	0	0	0	0	0	2	0
646	0	0	0	0	0	0	2	2	0	2	0	0	2	0	0	0	0	2	0	0	0	0	0	0	0	2	0	2	0	0	0	0	0	0	0	0	0	0	0	0	0	2	0	0	2	0	0	0	-	-	-	0	2	0
647	-	-	-	0	0	0	0	2	0	2	0	0	2	0	0	0	0	2	0	31	0	20	23	0	0	2	0	2	0	0	-	-	-	0	22	0	0	0	0	0	0	2	0	0	2	-	-	-	-	-	-	-	-	-
648	0	0	0	0	0	0	2	2	0	-	-	-	-	-	-	-	-	-	0	0	0	0	0	0	0	2	0	2	0	3	-	-	-	0	21	0	-	-	-	0	0	2	3	21	2	-	-	-	2	0	11	0	2	0
