cellBC	r0	r1	r2	r3	r4	r5	r6	r7	r8	r9	r10	r11	r12	r13	r14	r15	r16	r17	r18	r19	r20	r21	r22	r23	r24	r25	r26	r27	r28	r29	r30	r31	r32	r33	r34	r35	r36	r37	r38	r39	r40	r41	r42	r43	r44	r45	r46	r47	r48	r49	r50	r51	r52	r53	r54	r55	r56
RW.TACTTGTCAGGAATGC-1	0	0	0	0	0	0	0	0	0	0	2	0	0	0	0	0	0	0	0	2	0	0	0	0	2	0	0	0	0	0	-	-	-	-	-	-	-	-	-	-	-	-	-	-	-	-	-	-	-	-	-	-	-	-	-	-	-
RW.GCCAAATCATGGTAGG-1	0	0	0	0	0	0	2	0	0	0	2	0	0	0	0	0	0	0	0	2	0	-	-	-	2	0	0	0	0	0	2	0	0	2	2	2	-	-	-	-	-	-	-	-	-	-	-	-	-	-	-	-	-	-	-	-	-
RW.CACATTTAGACTAGGC-1	0	2	0	0	0	2	0	0	0	0	0	0	0	2	0	2	2	0	0	3	2	0	0	0	2	0	0	2	0	0	2	0	0	2	2	2	0	0	2	2	2	0	0	0	0	0	0	0	-	-	-	-	-	-	-	-	-
RW.AGGGATGGTTCGTCTC-1	0	0	0	0	0	0	0	0	0	0	0	0	0	2	0	2	2	0	0	0	0	0	0	0	2	0	0	3	0	0	2	0	0	2	2	2	0	0	2	-	-	-	2	0	0	0	0	0	-	-	-	-	-	-	-	-	-
RW.AGCTCTCCACCAACCG-1	0	0	0	2	2	3	0	0	2	0	2	0	2	0	0	0	0	0	0	0	3	2	0	0	2	0	0	4	0	0	2	0	0	2	2	2	2	0	0	3	0	0	0	0	0	2	0	0	-	-	-	-	-	-	-	-	-
RE.TCAGATGTCGTCACGG-1	0	0	0	-	-	-	0	0	0	0	0	0	3	0	0	0	3	0	-	-	-	0	0	0	2	0	0	5	0	0	2	0	0	2	2	2	0	0	0	2	2	0	0	0	0	0	0	0	-	-	-	-	-	-	-	-	-
RE.TAGTTGGTCGCGTTTC-1	-	-	-	0	0	0	0	0	0	0	3	2	0	0	2	0	0	0	0	0	0	0	0	2	2	0	0	6	0	0	2	0	0	2	2	2	0	0	0	0	0	0	0	0	0	0	0	0	-	-	-	-	-	-	-	-	-
RE.GACTAACTCCCAACGG-1	-	-	-	3	0	0	3	0	2	0	0	3	0	0	0	0	0	0	2	4	4	0	0	0	0	2	0	7	2	0	2	0	0	0	0	0	0	2	0	-	-	-	0	0	0	0	0	0	0	0	0	0	0	0	-	-	-
M2.TTTGCGCAGATCCTGT-1	0	0	0	4	0	0	-	-	-	-	-	-	0	0	0	0	0	0	-	-	-	3	2	3	0	0	0	0	3	2	-	-	-	0	0	0	0	3	3	0	0	0	0	0	0	3	2	0	2	2	0	0	0	0	2	2	0
M2.TGTCCCAGTGAACCTT-1	0	0	0	-	-	-	3	2	0	2	4	3	-	-	-	-	-	-	2	4	0	-	-	-	0	2	0	7	2	0	2	0	0	0	0	0	0	2	0	-	-	-	0	0	0	0	0	0	0	0	0	-	-	-	0	0	0
M2.TACCTTAAGTGCGATG-1	0	0	0	0	3	0	3	0	0	2	4	3	0	0	0	0	0	0	2	4	0	4	0	0	0	2	0	7	2	0	2	0	0	-	-	-	0	2	0	-	-	-	0	0	0	-	-	-	0	3	0	0	0	0	0	0	0
M2.GTCACGGCAAGTTGTC-1	0	0	0	0	3	0	3	0	0	2	4	3	0	0	0	0	0	0	2	4	0	4	0	0	0	2	0	7	2	0	2	0	0	0	3	3	0	2	0	0	0	0	0	0	0	0	0	0	0	3	0	0	0	0	0	0	0
M2.GATGAAACATGGTAGG-1	2	0	0	5	0	0	-	-	-	-	-	-	-	-	-	-	-	-	-	-	-	-	-	-	0	3	2	-	-	-	-	-	-	-	-	-	3	4	0	0	0	2	0	2	2	3	0	0	-	-	-	-	-	-	0	3	2
M2.GAGGTGAAGACTGTAA-1	-	-	-	-	-	-	0	0	0	-	-	-	0	0	0	-	-	-	-	-	-	-	-	-	0	0	0	2	0	0	0	2	0	0	0	4	0	0	0	0	0	0	0	0	0	-	-	-	-	-	-	0	0	0	0	0	0
M2.GAACCTAAGCCCAATT-1	-	-	-	0	4	0	0	3	0	-	-	-	-	-	-	-	-	-	3	5	0	0	3	0	-	-	-	6	0	0	2	0	0	-	-	-	-	-	-	-	-	-	0	0	0	0	0	0	-	-	-	-	-	-	-	-	-
M2.CTAGAGTAGGACAGAA-1	0	0	0	0	0	0	0	0	0	-	-	-	0	3	0	3	4	0	4	0	0	0	0	0	0	4	0	8	4	0	0	0	0	3	4	0	0	0	0	-	-	-	0	3	0	3	0	2	0	0	0	2	0	0	0	0	0
M2.CGGACTGGTTACGCGC-1	3	0	2	0	0	0	0	0	0	-	-	-	0	0	0	0	0	0	-	-	-	3	2	3	3	5	0	0	0	0	-	-	-	4	0	0	0	0	0	-	-	-	0	0	0	3	0	0	0	0	0	3	0	0	0	0	0
M2.CAACCAATCGGCATCG-1	0	0	0	0	0	0	-	-	-	-	-	-	0	0	0	0	0	0	-	-	-	0	0	0	0	0	0	-	-	-	0	0	0	0	0	0	0	0	4	0	3	0	0	0	0	3	3	0	0	4	0	0	0	0	0	0	0
M2.AGGTCATGTGGTCTCG-1	0	0	0	0	0	0	3	0	0	2	4	3	0	0	0	0	0	0	2	4	0	0	0	0	2	2	0	-	-	-	2	3	0	0	0	0	4	5	5	4	0	0	0	0	0	4	0	0	0	0	0	-	-	-	0	0	0
M2.ACACCGGTCGGTCTAA-1	0	0	0	-	-	-	3	4	0	2	4	3	-	-	-	0	0	0	2	4	0	0	0	0	0	2	2	-	-	-	2	0	0	5	0	0	0	2	0	-	-	-	0	0	2	-	-	-	0	0	0	0	0	0	0	0	0
M2.AACTCTTCACCACGTG-1	0	0	0	0	0	0	-	-	-	-	-	-	0	3	0	3	4	0	4	0	0	0	0	0	0	4	0	8	4	0	0	0	0	3	4	0	0	0	0	0	0	3	0	3	0	3	0	2	0	0	0	2	0	0	0	0	0
M1.TTTGCGCGTACATCCA-1	-	-	-	3	0	0	3	0	0	0	0	3	0	0	0	0	0	0	2	4	3	-	-	-	0	2	0	7	2	0	2	0	0	0	0	0	5	2	0	-	-	-	-	-	-	0	0	0	0	0	0	-	-	-	0	0	0
M1.TGTCCCATCACCCTCA-1	-	-	-	0	0	0	0	5	0	0	0	0	0	0	0	0	0	0	0	6	0	0	4	0	2	0	0	6	0	0	2	0	0	2	2	2	0	0	0	0	0	0	3	0	0	0	0	0	-	-	-	-	-	-	-	-	-
M1.TCTGGAACACCCATGG-1	0	0	0	-	-	-	-	-	-	2	4	3	-	-	-	0	0	0	2	4	0	-	-	-	0	2	0	-	-	-	2	0	0	0	0	5	0	2	0	0	0	4	3	0	0	0	0	0	-	-	-	-	-	-	0	0	0
M1.TAAACCGGTGATGCCC-1	0	2	0	0	0	0	0	0	3	0	2	0	0	0	0	4	0	0	0	0	5	0	0	0	2	0	0	0	0	0	2	0	0	2	2	2	0	0	0	0	0	0	0	0	0	3	0	0	-	-	-	-	-	-	-	-	-
M1.GGTATTGAGTTAACGA-1	0	0	0	0	0	0	3	0	0	2	4	3	0	0	0	0	0	0	2	4	0	0	0	0	0	2	0	7	2	0	2	0	0	0	0	0	0	2	0	0	0	0	0	0	0	0	0	0	-	-	-	0	0	0	-	-	-
M1.GGCCGATGTACCGCTG-1	-	-	-	3	0	0	3	0	0	3	0	3	0	0	0	4	0	0	-	-	-	-	-	-	4	2	0	7	2	0	2	0	0	-	-	-	2	2	0	-	-	-	3	0	0	0	0	0	0	0	2	0	2	0	0	0	0
M1.GATGAGGCATCTATGG-1	0	0	0	-	-	-	3	0	0	4	0	3	0	0	0	0	0	0	2	4	0	0	0	0	0	2	0	-	-	-	2	0	0	3	0	0	-	-	-	-	-	-	0	0	0	0	0	0	-	-	-	-	-	-	-	-	-
M1.GACTGCGGTTTAGGAA-1	0	3	3	0	0	0	0	0	0	0	0	0	0	0	0	0	3	0	5	0	0	0	0	0	2	0	3	5	0	0	-	-	-	2	2	2	6	0	0	2	2	0	0	0	0	0	0	0	-	-	-	-	-	-	-	-	-
M1.GACCTGGGTCATGCAT-1	-	-	-	0	5	0	0	0	0	0	0	0	-	-	-	-	-	-	0	0	0	0	0	0	2	0	0	6	0	0	2	0	0	-	-	-	-	-	-	-	-	-	0	0	0	-	-	-	-	-	-	-	-	-	-	-	-
M1.CTGGTCTTCGTCCGTT-1	0	0	0	6	0	0	0	0	0	0	0	0	0	0	0	0	0	0	0	0	0	0	0	0	2	0	0	6	0	0	2	0	2	2	2	2	-	-	-	-	-	-	0	0	0	0	0	0	-	-	-	-	-	-	-	-	-
M1.CCTTTCTCACTTCGAA-1	0	0	0	0	0	0	3	0	0	0	0	0	0	0	0	0	0	0	2	4	0	0	0	0	0	2	0	7	2	0	2	0	0	6	0	0	0	2	0	0	0	0	0	0	0	-	-	-	0	0	2	-	-	-	0	0	0
M1.CCGGGATGTGCGGTAA-1	-	-	-	0	0	0	0	0	0	0	0	0	0	0	0	0	0	0	0	0	0	-	-	-	2	0	0	-	-	-	-	-	-	2	2	2	0	6	0	-	-	-	0	0	0	-	-	-	-	-	-	-	-	-	-	-	-
M1.CATCAAGCAGCAGTTT-1	-	-	-	-	-	-	-	-	-	5	5	4	-	-	-	5	5	2	-	-	-	-	-	-	-	-	-	9	5	3	-	-	-	7	5	6	7	7	6	-	-	-	4	4	3	-	-	-	3	5	3	-	-	-	-	-	-
M1.AGCCTAAAGAACAACT-1	0	0	0	0	0	0	0	0	0	0	6	5	0	0	0	6	0	0	0	7	0	5	5	0	2	0	0	6	0	0	2	0	2	2	2	2	0	0	0	0	0	0	0	0	0	0	0	0	-	-	-	-	-	-	-	-	-
M1.ACTGCTCAGAGTCGGT-1	-	-	-	0	0	0	3	0	2	2	4	3	0	0	0	0	0	0	2	4	0	0	0	0	2	2	0	7	2	0	2	0	0	3	0	0	2	2	0	-	-	-	0	0	0	3	0	0	4	0	0	-	-	-	3	0	0
M1.ACGGCCATCACTCTTA-1	-	-	-	0	0	0	0	0	0	0	0	0	0	0	0	0	0	0	0	6	0	0	4	0	2	0	0	6	0	0	2	0	0	2	2	2	0	0	0	0	0	0	3	0	0	0	0	0	-	-	-	-	-	-	-	-	-
M1.ACAGCTAAGATAGTCA-1	-	-	-	3	0	0	3	0	0	3	0	3	0	0	0	4	0	0	2	4	4	0	0	0	4	2	0	7	2	0	2	0	0	-	-	-	2	2	0	0	4	0	3	0	0	0	0	0	0	0	2	0	2	0	0	0	0
Liv.GTGCAGCCATCCGTGG-1	0	0	0	3	0	0	0	0	0	-	-	-	3	0	0	6	0	0	4	0	0	6	0	0	-	-	-	0	0	0	0	0	0	0	0	0	0	8	0	5	5	0	0	0	0	-	-	-	3	6	0	0	0	0	0	0	0
Liv.GCAGCCATCCAGAGGA-1	4	4	0	3	0	0	3	0	4	3	0	3	0	0	0	0	0	0	2	4	0	0	0	0	0	2	0	7	2	0	2	0	0	3	0	0	0	2	0	0	0	0	0	0	0	0	4	0	0	0	0	0	0	0	3	0	0
Liv.ACACCGGTCGTCTGAA-1	0	0	0	0	0	0	0	6	0	-	-	-	0	0	0	3	4	0	4	0	6	7	6	0	0	6	0	2	6	4	0	0	0	0	0	0	2	0	0	6	0	0	0	2	0	-	-	-	0	7	0	0	3	0	4	0	0
LL.TTAACTCCAAGCCGTC-1	-	-	-	7	6	0	3	0	5	2	4	3	0	0	0	0	0	0	2	4	0	2	0	0	5	2	0	7	2	0	2	0	0	0	0	0	0	2	0	0	0	0	3	0	0	-	-	-	5	0	0	-	-	-	0	0	0
LL.TCGCGTTTCAGGCCCA-1	0	0	0	7	6	0	3	0	5	2	4	3	0	4	0	0	0	0	2	4	0	2	0	0	-	-	-	7	2	0	2	4	0	0	0	0	0	2	0	0	0	0	0	0	0	0	0	0	-	-	-	-	-	-	0	0	0
LL.CTAACTTTCCCTCAGT-1	0	0	0	7	6	0	3	0	5	2	4	3	0	4	0	0	0	0	2	4	0	2	0	0	0	2	0	7	2	0	2	0	0	0	0	0	0	2	0	0	0	0	0	0	0	0	0	0	-	-	-	-	-	-	0	0	0
LL.CGTCAGGCAAACTGCT-1	5	0	0	7	6	0	3	0	5	2	4	3	0	0	0	0	0	0	2	4	0	2	0	0	0	2	0	7	2	0	2	0	0	0	0	0	0	2	0	-	-	-	3	0	0	0	0	0	5	0	0	-	-	-	0	0	0
LL.ATTATCCGTTATCCGA-1	0	0	0	7	6	0	3	0	5	2	4	3	0	0	0	0	0	0	2	4	0	-	-	-	0	2	0	7	2	0	2	0	0	0	0	0	0	2	0	0	0	0	0	0	0	0	0	0	5	0	0	-	-	-	0	0	0
