cellBC	r0	r1	r2	r3	r4	r5	r6	r7	r8	r9	r10	r11	r12	r13	r14	r15	r16	r17	r18	r19	r20	r21	r22	r23	r24	r25	r26	r27	r28	r29	r30	r31	r32	r33	r34	r35	r36	r37	r38	r39	r40	r41	r42	r43	r44
RW.TATCAGGGTGCAGTAG-1	0	0	0	0	0	0	0	2	0	2	0	2	2	2	0	0	0	2	0	0	0	2	0	0	0	0	0	0	2	0	0	0	2	0	0	0	0	2	0	-	-	-	-	-	-
RW.TACGGGCAGGACTGGT-1	0	0	0	2	0	2	0	3	0	2	0	0	3	0	0	0	2	0	0	0	0	2	0	0	-	-	-	2	0	0	0	2	3	0	0	0	-	-	-	0	2	0	2	0	0
RW.GACGTGCGTAAGAGAG-1	0	0	0	0	0	0	0	2	0	2	0	2	2	2	0	0	0	2	0	0	0	2	0	0	0	0	0	0	2	0	0	0	2	0	0	0	0	2	0	-	-	-	-	-	-
RE.TCTTTCCCAATCAGAA-1	-	-	-	2	0	0	0	0	0	2	0	0	-	-	-	0	0	3	0	0	0	2	0	0	0	0	0	3	0	0	0	0	0	2	0	0	0	0	0	-	-	-	-	-	-
RE.TCAACGAGTTGTCGCG-1	2	0	0	2	0	0	0	3	0	2	0	0	3	0	0	0	0	0	0	2	2	2	0	0	-	-	-	2	0	2	2	0	4	-	-	-	2	3	2	0	2	0	0	0	0
RE.GCTGCTTTCGCATGAT-1	0	0	0	2	0	0	0	3	0	2	0	0	-	-	-	2	0	0	0	0	0	2	2	0	-	-	-	2	0	0	0	0	0	-	-	-	-	-	-	-	-	-	0	0	0
RE.GCTGCAGTCAAACGGG-1	0	0	0	0	0	0	0	4	0	2	0	0	0	0	0	0	0	0	-	-	-	2	0	0	0	0	0	0	2	0	0	0	0	-	-	-	0	0	0	-	-	-	-	-	-
M2.CGTCTACTCTGGTGTA-1	3	0	0	2	0	0	0	0	0	2	0	0	0	0	0	0	0	0	0	0	0	2	3	2	-	-	-	0	0	0	-	-	-	-	-	-	2	0	0	-	-	-	-	-	-
M2.CATCGGGGTGACAAAT-1	2	0	0	3	0	0	-	-	-	2	0	0	0	3	0	0	0	0	0	0	0	2	0	0	2	0	0	0	3	0	-	-	-	-	-	-	2	4	0	0	0	0	0	0	2
M2.CACTCCACATGGAATA-1	-	-	-	0	0	0	0	0	0	2	0	0	-	-	-	3	3	4	0	0	0	2	0	0	0	0	0	0	0	0	0	0	0	2	0	0	0	0	0	-	-	-	-	-	-
M2.CAAGGCCTCAACCAAC-1	-	-	-	4	2	3	0	0	0	2	0	3	-	-	-	-	-	-	0	0	0	2	0	0	3	2	0	0	4	0	3	0	0	3	0	0	0	0	0	-	-	-	-	-	-
M2.AGGCCGTAGTAAGTAC-1	-	-	-	2	0	2	-	-	-	2	0	0	3	0	0	0	0	5	0	0	0	2	0	0	0	0	0	2	0	0	0	3	5	-	-	-	2	0	0	0	2	0	0	0	0
M2.AGACGTTGTCTCTCGT-1	2	0	0	0	0	0	-	-	-	2	0	0	0	0	0	0	0	0	0	0	0	2	0	0	0	0	0	-	-	-	4	0	4	-	-	-	2	4	0	-	-	-	-	-	-
M1.TTAACTCTCGGTCCGA-1	-	-	-	2	0	0	0	3	2	2	0	0	3	0	2	0	0	0	0	0	0	2	0	0	0	3	0	2	0	0	0	0	4	-	-	-	2	0	0	2	2	0	0	0	0
M1.TTAACTCAGTAATCCC-1	-	-	-	2	0	0	0	3	0	-	-	-	3	0	2	-	-	-	-	-	-	2	0	0	0	0	0	2	0	0	0	0	4	-	-	-	2	0	0	-	-	-	3	0	0
M1.TGTGTTTGTCTGATTG-1	0	0	0	2	0	0	2	3	0	2	0	0	3	0	0	0	0	6	0	0	0	2	0	0	4	4	2	2	0	0	4	0	0	-	-	-	2	0	0	0	2	0	4	0	0
M1.TGTGTTTAGCCCAACC-1	0	0	0	2	0	0	3	3	0	2	0	4	3	0	0	-	-	-	-	-	-	2	0	0	4	4	2	2	0	0	-	-	-	-	-	-	2	0	0	0	2	0	4	0	0
M1.TGTCCCAGTCTTTCAT-1	0	0	0	2	0	0	0	3	0	2	0	0	3	0	0	0	0	7	-	-	-	2	0	0	2	0	0	2	0	0	0	0	0	-	-	-	2	0	0	0	2	0	0	0	0
M1.TGTATTCGTGAAGGCT-1	-	-	-	2	0	0	0	3	2	2	0	0	3	0	2	0	0	0	0	0	0	2	0	0	0	3	0	2	0	0	0	0	4	-	-	-	2	0	0	0	2	0	0	0	0
M1.TGCGGGTTCGAGCCCA-1	0	0	0	2	0	0	0	3	0	2	2	0	3	0	0	4	0	0	-	-	-	2	0	0	0	0	0	2	0	0	0	0	0	-	-	-	2	0	0	0	2	0	5	0	0
M1.TGAGCCGTCCGTCAAA-1	0	0	0	2	0	0	0	3	0	2	3	0	3	4	0	0	0	6	0	0	0	2	0	0	-	-	-	2	0	0	-	-	-	-	-	-	2	0	0	0	2	0	4	2	0
M1.TGAAAGATCATTTGGG-1	4	0	0	2	0	2	4	3	0	2	4	0	3	5	3	-	-	-	0	0	0	2	4	0	-	-	-	2	0	0	4	4	0	-	-	-	2	0	0	3	3	2	4	3	3
M1.TGAAAGAGTCTCATCC-1	0	0	0	2	3	0	0	3	0	2	0	0	3	4	0	0	0	6	0	0	0	2	0	0	4	4	2	2	0	0	0	0	0	-	-	-	2	0	0	0	2	0	4	0	0
M1.TCTGAGATCGTCACGG-1	0	0	0	2	0	0	0	3	3	2	0	0	3	0	4	5	4	0	-	-	-	2	0	0	0	0	2	2	0	0	-	-	-	-	-	-	2	5	0	0	2	0	4	4	0
M1.TCGGTAACACTACAGT-1	0	0	2	2	3	0	0	3	0	2	0	0	3	4	0	6	0	6	0	0	0	2	0	0	4	4	2	2	0	0	0	0	0	-	-	-	2	0	0	0	2	0	4	0	0
M1.TCGAGGCGTCAGATAA-1	0	0	0	2	4	0	0	3	0	2	0	0	3	4	0	0	0	6	0	0	0	2	0	0	4	4	2	2	0	0	5	0	0	-	-	-	2	0	3	0	2	0	4	0	0
M1.TCCCGATGTATATCCG-1	-	-	-	2	0	0	0	3	0	2	0	0	-	-	-	-	-	-	-	-	-	2	5	0	-	-	-	2	0	0	4	0	0	-	-	-	2	5	0	0	2	0	4	0	0
M1.TCAGGATTCCCTTGTG-1	0	0	0	-	-	-	0	3	0	2	0	0	3	0	0	0	2	8	0	0	0	2	0	0	-	-	-	2	0	0	0	2	3	-	-	-	-	-	-	4	4	3	0	0	0
M1.TCAGGATAGATCCCAT-1	0	0	0	2	0	0	0	3	0	2	0	0	3	0	0	0	0	6	2	0	3	2	0	0	4	4	2	2	0	0	0	0	0	-	-	-	2	6	0	0	2	0	4	0	0
M1.TCAGCAATCACAAACC-1	-	-	-	2	0	0	5	3	0	2	0	0	3	0	0	-	-	-	-	-	-	2	6	0	0	0	2	2	0	0	4	0	0	-	-	-	2	5	0	0	2	0	4	0	0
M1.TCACGAATCAATCACG-1	-	-	-	2	0	0	0	3	0	2	0	0	3	0	0	-	-	-	-	-	-	2	0	0	0	0	2	2	0	0	4	0	0	-	-	-	2	5	0	-	-	-	4	0	0
M1.TATTACCGTTACCAGT-1	0	2	0	2	3	0	0	3	0	2	0	0	3	4	0	4	0	6	0	3	0	2	0	0	4	4	2	2	0	0	0	0	0	-	-	-	2	0	0	0	2	0	4	0	0
M1.TATGCCCGTCCTGCTT-1	-	-	-	2	0	0	0	3	2	2	0	0	3	0	2	0	0	0	-	-	-	2	0	0	0	0	0	2	0	0	-	-	-	-	-	-	-	-	-	0	2	0	0	5	0
M1.TATCAGGAGGCTAGGT-1	0	0	0	0	0	4	-	-	-	2	5	0	-	-	-	0	0	0	0	0	0	2	0	3	-	-	-	0	0	0	0	0	0	0	2	0	0	7	4	0	0	0	-	-	-
M1.TACTTGTAGTACTTGC-1	0	0	3	2	0	0	0	3	0	2	0	0	3	0	0	7	0	7	0	0	0	2	0	0	0	0	0	2	5	3	0	0	6	-	-	-	2	0	0	0	2	4	0	2	0
M1.GTTACAGAGAAGAAGC-1	2	0	0	2	0	0	0	3	0	2	0	4	3	0	0	0	0	6	2	0	0	2	0	0	4	4	2	2	0	0	0	0	0	-	-	-	2	0	0	0	2	0	4	0	0
M1.GTCAAGTCAATCCGAT-1	-	-	-	2	0	0	0	3	0	2	0	0	3	0	0	5	0	0	-	-	-	2	6	0	0	0	2	2	0	0	4	0	0	-	-	-	2	5	0	0	2	5	4	0	0
M1.GGATTACCAAAGCAAT-1	0	3	0	0	0	5	0	0	0	2	0	0	0	6	0	0	0	0	0	0	0	2	0	0	0	5	3	0	2	4	0	5	0	-	-	-	0	8	0	-	-	-	-	-	-
M1.GGATGTTCATCACGAT-1	0	0	0	2	3	0	0	3	0	2	0	0	3	4	0	0	0	6	0	0	0	2	0	0	4	4	2	2	0	0	0	6	0	-	-	-	2	0	0	0	2	0	4	0	0
M1.GCTCTGTTCAATCACG-1	-	-	-	2	0	0	0	3	0	2	0	0	3	0	0	-	-	-	0	0	0	2	0	0	4	4	2	2	0	0	0	7	0	-	-	-	2	0	0	0	2	0	-	-	-
M1.GCGCGATAGATATGGT-1	0	0	0	2	0	0	0	3	0	2	0	0	3	0	0	0	0	6	0	0	0	2	0	0	4	4	2	2	0	0	0	0	0	-	-	-	2	0	0	0	2	0	4	0	0
M1.GCGCAACTCATCGGAT-1	0	0	0	2	0	0	0	3	0	2	0	0	3	0	0	0	0	6	0	0	0	2	0	3	4	4	2	2	0	0	0	0	0	-	-	-	2	0	0	0	2	0	-	-	-
M1.GCCAAATAGGATGGTC-1	0	0	0	2	0	0	0	3	0	2	6	0	3	0	0	4	0	6	0	0	0	2	0	0	4	4	2	2	0	0	0	0	0	-	-	-	2	0	0	0	2	0	4	0	0
M1.GATCGTAAGGCTATCT-1	-	-	-	2	0	6	0	3	0	2	0	0	3	0	2	0	0	0	0	0	0	2	0	0	0	0	0	2	0	0	6	0	0	-	-	-	2	0	5	0	2	0	0	0	0
M1.GATCGCGCATACGCCG-1	-	-	-	4	2	3	0	0	0	2	0	3	-	-	-	-	-	-	0	0	0	2	0	0	0	0	0	-	-	-	3	8	0	0	0	0	0	0	0	-	-	-	-	-	-
M1.GATCGCGAGAGCAATT-1	-	-	-	2	0	0	-	-	-	2	0	5	3	0	0	5	0	0	-	-	-	-	-	-	0	0	2	2	0	0	4	0	0	-	-	-	2	5	0	0	2	0	4	0	0
M1.GACGCGTTCGGAGGTA-1	-	-	-	-	-	-	-	-	-	2	0	0	3	0	2	0	0	0	0	0	0	2	7	0	0	3	0	2	0	0	0	0	4	-	-	-	2	9	0	0	2	0	0	0	0
M1.GAAGCAGGTATTAGCC-1	0	0	0	2	0	0	0	3	0	2	0	0	3	0	0	-	-	-	0	0	0	2	0	0	4	4	2	2	0	0	0	0	0	-	-	-	-	-	-	0	2	0	4	0	0
M1.GAAATGACAGCCAATT-1	0	0	0	2	0	0	0	3	0	2	7	0	3	0	0	8	0	6	0	0	0	2	0	0	4	4	2	2	0	5	0	8	0	-	-	-	2	0	0	0	2	0	4	0	4
M1.CTTTGCGTCACCCGAG-1	0	0	0	2	0	0	0	3	0	-	-	-	3	0	0	0	0	6	3	0	0	2	0	0	4	4	2	2	0	0	0	0	0	-	-	-	2	0	0	-	-	-	4	0	0
M1.CTCTGGTGTTAAAGTG-1	0	0	0	2	0	0	0	3	0	2	0	0	3	4	0	0	0	6	0	0	0	2	0	0	4	4	2	2	0	0	0	0	0	-	-	-	2	0	0	-	-	-	4	0	0
M1.CTCGGGAGTCCGAAGA-1	0	3	0	0	5	0	6	0	0	2	0	0	0	0	0	9	0	0	2	0	0	2	0	0	0	6	0	0	2	0	7	5	0	4	3	0	0	8	0	0	5	0	-	-	-
M1.CTCGAGGGTATGGTTC-1	-	-	-	2	0	0	0	3	0	2	0	4	3	0	2	0	0	0	0	0	0	2	0	0	-	-	-	2	0	0	0	0	4	-	-	-	2	0	0	-	-	-	0	0	0
M1.CTACACCTCCAACCAA-1	-	-	-	2	0	6	0	3	0	2	0	0	3	0	2	0	0	0	0	0	0	2	0	0	0	0	0	2	0	0	6	0	0	-	-	-	2	0	0	-	-	-	0	0	0
M1.CGTGTAAAGCTGCGAA-1	-	-	-	2	4	6	0	3	4	2	0	0	3	0	2	0	0	0	-	-	-	2	0	4	0	0	0	2	0	0	6	0	0	-	-	-	2	0	0	-	-	-	0	0	0
M1.CGTCCATAGGTGATTA-1	-	-	-	2	0	0	-	-	-	2	8	0	-	-	-	-	-	-	-	-	-	2	0	0	5	7	4	-	-	-	4	9	0	-	-	-	-	-	-	5	6	6	0	6	0
M1.CGTCACTTCGAGAGCA-1	0	0	0	2	0	0	0	3	0	2	0	0	3	0	0	0	0	0	0	0	0	2	0	0	-	-	-	2	0	0	4	0	0	-	-	-	2	0	0	0	2	0	0	0	0
M1.CGGGTCAAGCGATTCT-1	-	-	-	2	0	0	0	3	2	2	0	0	3	0	2	-	-	-	-	-	-	2	0	0	0	3	0	2	0	0	-	-	-	-	-	-	2	0	0	0	2	0	-	-	-
M1.CGCTTCAGTCATTAGC-1	0	0	0	2	0	0	-	-	-	2	0	0	0	7	0	-	-	-	2	0	4	2	0	0	0	8	0	0	0	0	8	0	4	-	-	-	2	4	6	-	-	-	0	0	0
M1.CGATTGAGTACAAGTA-1	-	-	-	-	-	-	0	3	0	2	0	6	3	0	0	0	0	0	-	-	-	2	0	0	0	0	0	2	0	6	0	0	0	-	-	-	2	0	0	0	2	0	0	0	0
M1.CGACTTCAGTAGCCGA-1	0	0	0	2	0	0	0	3	0	2	0	0	3	4	0	0	0	6	-	-	-	2	0	0	4	4	2	2	0	0	0	0	0	-	-	-	-	-	-	-	-	-	4	0	0
M1.CCTATTACAGAGTGTG-1	5	0	0	-	-	-	0	0	0	2	0	0	3	5	3	0	0	9	-	-	-	2	3	2	-	-	-	4	0	0	0	0	0	-	-	-	2	0	0	-	-	-	-	-	-
M1.CCTAGCTAGAGGGATA-1	0	0	0	2	0	0	0	3	0	2	0	0	3	0	0	5	0	0	-	-	-	2	0	0	0	0	2	2	0	0	4	10	0	-	-	-	2	5	0	6	2	0	4	7	0
M1.CCTACACGTGCACCAC-1	-	-	-	2	0	0	0	3	2	2	0	0	3	0	2	0	0	0	0	0	0	2	0	0	0	3	0	2	0	0	9	0	4	-	-	-	2	0	0	0	2	0	0	0	0
M1.CCGGGATGTCGCGAAA-1	-	-	-	2	0	6	-	-	-	2	0	0	-	-	-	0	0	0	0	0	0	2	0	0	-	-	-	2	0	0	6	0	0	-	-	-	-	-	-	0	2	0	0	0	0
M1.CCATGTCCAGCTCCGA-1	0	0	0	2	0	0	0	3	0	2	0	0	3	0	0	0	0	6	0	0	0	2	0	0	4	4	2	2	0	0	0	8	0	-	-	-	2	0	0	0	2	0	4	0	0
M1.CCATGTCAGGAGCGTT-1	-	-	-	0	0	0	0	0	2	2	0	0	-	-	-	0	0	0	0	4	5	2	0	0	0	0	0	0	0	0	-	-	-	0	0	0	0	0	0	-	-	-	-	-	-
M1.CCACCTATCGTATCAG-1	5	0	0	-	-	-	0	0	0	2	0	0	0	0	0	0	0	0	-	-	-	2	3	2	0	9	5	4	0	0	0	0	0	-	-	-	2	0	0	-	-	-	-	-	-
M1.CATTATCAGACCGGAT-1	-	-	-	2	0	0	0	3	2	2	0	0	3	0	2	0	0	0	0	0	0	2	8	0	6	0	0	2	0	0	0	0	4	-	-	-	2	0	0	0	2	0	0	0	0
M1.CATCGGGTCGCCTGTT-1	0	0	0	-	-	-	0	3	0	2	0	0	3	0	0	-	-	-	-	-	-	2	0	0	4	4	2	-	-	-	0	0	0	-	-	-	2	0	0	-	-	-	-	-	-
M1.CAGCTGGTCCTTGACC-1	-	-	-	2	0	0	0	3	0	2	7	0	3	0	0	-	-	-	0	0	0	2	0	0	4	4	2	2	0	0	-	-	-	-	-	-	-	-	-	0	2	0	4	0	0
M1.CAGATCAGTGCACGAA-1	-	-	-	2	0	6	0	3	0	2	0	0	3	0	2	0	0	0	0	0	0	2	0	0	-	-	-	2	0	0	10	0	0	-	-	-	2	10	0	7	2	0	0	8	0
M1.CACATAGAGTACGACG-1	6	4	4	2	0	0	0	3	0	2	0	0	3	0	0	4	0	0	0	0	0	2	0	0	2	0	0	2	0	0	0	0	0	-	-	-	2	0	0	0	2	0	4	0	0
M1.CACAGGCAGAATCTCC-1	0	0	0	2	0	0	0	3	0	2	0	0	3	0	0	5	0	0	-	-	-	2	0	0	0	0	2	2	6	0	4	0	0	-	-	-	2	5	0	-	-	-	4	0	0
M1.CAACCAAGTTGGTGGA-1	-	-	-	2	0	0	0	3	2	2	0	0	3	0	2	0	0	0	0	0	0	2	9	0	0	3	0	2	0	0	0	0	4	-	-	-	2	0	0	0	2	0	-	-	-
M1.ATCCACCTCAAGCCTA-1	0	0	0	2	0	0	-	-	-	2	0	0	3	0	0	-	-	-	-	-	-	2	0	0	4	4	2	2	0	0	0	0	0	-	-	-	-	-	-	0	2	0	4	0	0
M1.ATCCACCCACCAGCAC-1	-	-	-	2	0	0	6	3	2	2	0	0	3	0	2	0	0	7	0	0	6	2	0	0	0	0	0	2	7	0	11	11	4	-	-	-	2	0	0	0	2	0	4	0	5
M1.AGCTTGAAGATATACG-1	0	3	5	0	5	0	0	0	0	2	0	7	0	0	0	9	0	0	-	-	-	2	0	0	0	6	0	0	2	0	7	5	0	5	0	0	0	8	0	0	0	0	-	-	-
M1.AGCGTATAGTGAACAT-1	-	-	-	2	0	6	0	3	0	2	0	0	3	0	2	0	0	0	0	0	0	2	0	0	0	0	0	2	0	0	6	0	0	-	-	-	2	0	0	-	-	-	0	0	0
M1.AGCATACGTTCCGGCA-1	-	-	-	2	0	0	0	3	0	2	0	0	3	0	0	5	0	0	-	-	-	2	0	0	0	0	2	2	0	0	4	0	0	-	-	-	2	5	0	0	2	0	4	0	0
M1.AGCATACGTGCTCTTC-1	7	0	0	5	0	7	-	-	-	2	0	0	0	0	0	-	-	-	0	5	7	2	0	0	0	0	0	5	0	0	12	0	0	-	-	-	2	0	0	8	7	7	0	0	6
M1.AGCATACAGTGTTGAA-1	-	-	-	2	0	0	0	3	0	2	9	0	3	8	5	0	0	0	4	6	0	2	0	0	7	10	0	2	0	0	2	0	0	0	0	0	2	0	0	0	2	0	0	0	0
M1.AGAGCGAAGGATTCGG-1	0	0	0	2	0	0	0	3	0	2	10	0	3	0	0	4	0	6	0	0	0	2	0	0	4	4	2	2	0	0	0	0	0	-	-	-	2	0	0	-	-	-	4	9	0
M1.AGAATAGCAAGTAATG-1	-	-	-	2	0	0	0	3	0	2	0	0	3	4	0	5	0	0	-	-	-	2	0	0	0	0	2	2	0	0	4	0	0	-	-	-	2	5	0	0	2	0	4	0	0
M1.ACTGTCCTCCTCAATT-1	-	-	-	-	-	-	0	3	2	2	0	0	3	0	2	0	0	0	0	0	0	2	0	0	8	0	0	2	0	0	0	0	4	-	-	-	2	0	0	-	-	-	0	0	7
M1.ACGGCCAAGGACCACA-1	-	-	-	2	0	6	0	3	0	2	0	0	3	9	2	0	5	0	0	0	0	2	0	0	-	-	-	2	0	0	0	0	0	-	-	-	2	10	0	-	-	-	6	0	0
M1.ACGGAGATCAGCACAT-1	-	-	-	-	-	-	0	3	0	2	0	0	3	0	0	0	0	6	5	0	0	2	0	0	4	4	2	2	0	0	-	-	-	-	-	-	2	11	7	0	2	0	4	0	0
M1.ACGATACGTGTAATGA-1	0	3	0	6	5	0	0	0	0	2	0	0	0	0	0	9	0	0	0	0	0	2	0	0	0	6	0	0	2	0	7	5	0	5	0	0	0	8	0	0	0	0	-	-	-
M1.ACCCACTGTGTTAAGA-1	2	0	6	2	0	0	0	3	0	2	0	0	3	0	0	0	0	0	0	0	0	2	0	0	-	-	-	2	0	2	2	0	4	-	-	-	2	0	0	-	-	-	0	0	0
M1.ACATACGTCTAACTCT-1	-	-	-	2	0	0	0	3	0	2	0	4	3	0	2	0	0	6	-	-	-	2	0	0	-	-	-	2	8	0	-	-	-	-	-	-	2	0	0	-	-	-	0	0	0
M1.AACTCTTTCCAAACTG-1	0	0	0	2	0	0	2	3	0	2	0	0	3	0	0	0	0	6	0	0	0	2	0	0	4	4	2	2	0	5	0	0	0	-	-	-	2	0	0	0	2	0	4	0	0
M1.AAAGTAGGTAGCGTGA-1	-	-	-	2	0	0	0	3	0	2	0	0	3	0	0	5	0	0	-	-	-	2	0	0	0	0	2	2	0	7	4	0	0	-	-	-	2	5	0	0	2	0	4	0	0
M1.AAAGTAGCAATCCGAT-1	2	0	0	2	0	0	0	3	0	2	0	0	3	0	0	0	0	6	2	0	0	2	0	0	4	4	2	2	0	0	13	0	0	-	-	-	-	-	-	0	2	0	4	0	0
M1.AAAGCAAAGTGGACGT-1	-	-	-	2	0	0	0	3	0	2	0	0	3	0	2	0	0	0	0	0	0	2	0	0	7	0	0	2	0	0	0	0	0	-	-	-	2	0	0	0	2	0	0	0	0
M1.AAACGGGCAGTCGTGC-1	0	2	0	2	3	0	0	3	0	2	0	0	3	4	0	-	-	-	0	3	0	2	0	0	4	4	2	2	0	0	0	0	0	-	-	-	2	0	0	0	2	0	4	0	0
Liv.CTCTAATAGTCGTTTG-1	8	0	0	-	-	-	0	0	0	2	0	0	0	10	0	-	-	-	6	7	8	2	0	0	0	0	0	0	2	0	0	12	0	6	4	0	2	0	0	-	-	-	-	-	-
Liv.CAGCTAAAGACAGGCT-1	2	0	0	2	0	0	0	3	0	2	11	0	3	0	0	0	0	0	0	0	0	2	0	0	-	-	-	2	0	2	2	0	4	0	0	0	2	0	0	0	2	0	0	0	0
Liv.AGGGATGCATTCCTGC-1	0	0	0	2	0	0	-	-	-	2	0	0	0	7	0	-	-	-	0	0	4	2	0	0	0	8	0	6	0	0	8	0	4	-	-	-	2	4	0	9	0	0	0	0	0
LL.TTCCCAGCAACTGCGC-1	8	0	0	-	-	-	0	0	0	2	0	0	0	4	6	-	-	-	7	0	0	2	0	3	9	0	0	0	2	0	0	0	0	-	-	-	0	0	0	-	-	-	-	-	-
LL.TGCGGGTTCCAAACAC-1	8	0	0	-	-	-	0	0	0	2	0	0	0	4	0	-	-	-	7	0	0	2	0	3	2	0	0	0	2	8	0	0	0	-	-	-	0	0	0	-	-	-	-	-	-
LL.TCGGGACCACTTGGAT-1	8	0	0	-	-	-	0	0	0	2	0	0	0	4	0	-	-	-	-	-	-	2	0	3	0	0	0	-	-	-	14	13	0	0	0	0	0	0	8	-	-	-	-	-	-
LL.GGTATTGGTGGTCTCG-1	8	0	0	-	-	-	0	0	0	2	0	0	-	-	-	-	-	-	7	0	0	2	0	3	0	0	0	7	2	0	0	0	0	0	0	0	0	0	0	-	-	-	-	-	-
LL.GCTCCTACATGACGGA-1	8	5	0	-	-	-	0	0	5	2	0	0	0	4	0	-	-	-	7	0	0	2	0	3	0	0	6	0	2	0	15	0	0	-	-	-	3	12	9	-	-	-	-	-	-
LL.GACTACAAGTGCTGCC-1	8	0	0	-	-	-	0	0	0	2	0	0	0	4	0	-	-	-	7	0	0	2	0	3	9	0	0	0	2	0	0	0	0	0	0	0	0	0	0	-	-	-	-	-	-
LL.GACGTGCCATAAGACA-1	8	0	0	-	-	-	7	5	0	2	0	0	0	4	0	-	-	-	-	-	-	2	0	3	-	-	-	0	2	0	0	0	0	-	-	-	0	0	0	-	-	-	-	-	-
LL.GACGTGCCACAGAGGT-1	8	5	0	-	-	-	0	0	5	2	0	0	0	4	0	0	0	6	7	0	0	2	0	3	0	0	6	0	2	0	15	0	0	-	-	-	3	12	9	10	0	0	-	-	-
LL.CTACATTCACCTTGTC-1	8	0	0	-	-	-	0	0	0	2	12	0	-	-	-	-	-	-	7	0	0	2	0	3	9	0	0	0	2	0	0	0	0	0	0	0	0	0	0	-	-	-	-	-	-
LL.CTACATTCACAACTGT-1	8	0	0	-	-	-	0	0	0	2	0	0	0	4	0	-	-	-	7	0	0	2	0	3	0	0	0	0	2	0	-	-	-	0	0	0	0	0	0	-	-	-	-	-	-
LL.CCTTACGGTCATGCAT-1	8	0	0	-	-	-	8	6	6	2	0	0	4	4	0	-	-	-	7	0	0	2	0	3	0	0	0	8	2	0	0	0	0	0	0	0	-	-	-	-	-	-	-	-	-
LL.CATCCACGTCACCTAA-1	8	0	0	-	-	-	0	0	0	2	0	0	0	4	0	-	-	-	7	0	0	2	0	3	9	0	0	0	2	0	0	14	0	-	-	-	0	0	0	-	-	-	-	-	-
LL.CATATTCAGTCTCGGC-1	8	0	0	-	-	-	0	0	0	2	0	0	0	4	0	-	-	-	7	0	0	2	0	3	9	0	0	0	2	0	0	0	0	0	0	0	0	13	0	-	-	-	-	-	-
LL.CACACAAGTCGAGTTT-1	8	0	0	-	-	-	0	0	0	2	0	0	0	4	0	-	-	-	7	0	0	2	0	3	9	0	0	0	2	0	0	0	0	0	0	0	0	0	0	-	-	-	-	-	-
LL.ATTATCCCACCCTATC-1	8	0	0	-	-	-	0	0	0	2	12	0	0	4	0	-	-	-	7	0	0	2	0	3	9	0	0	0	2	0	0	0	0	0	0	0	-	-	-	-	-	-	-	-	-
LL.AAGTCTGCAAGCTGTT-1	8	0	0	-	-	-	0	0	7	2	0	0	4	4	0	-	-	-	7	0	0	2	0	3	0	0	0	8	2	0	0	15	7	7	0	0	2	0	0	0	0	0	-	-	-
